0 0.09535160905840286 0.051251489868891546 0.12634088200238378 0.10250297973778309
0 0.065554231227652 0.13468414779499396 0.131108462455304 0.10488676996424301
0 0.16209773539928485 0.11740166865315853 0.10965435041716329 0.11084624553039334
0 0.19308700834326573 0.03933253873659117 0.14302741358760424 0.07866507747318234
0 0.2687723480333731 0.0959475566150179 0.13468414779499402 0.13468414779499407
0 0.28903456495828367 0.2687723480333731 0.12038140643623362 0.11799761620977353
0 0.1239570917759237 0.21871275327771142 0.15256257449344457 0.12038140643623332
0 0.10250297973778288 0.31466030989272936 0.1191895113230034 0.11203814064362319
0 0.1769964243146604 0.3903456495828365 0.15852205005959474 0.1156138259833131
0 0.20560190703218117 0.566150178784267 0.13230035756853398 0.12872467222884382
0 0.05363528009535158 0.5196662693682959 0.10727056019070316 0.14541120381406492
0 0.06972586412395708 0.4106078665077471 0.13945172824791416 0.12276519666269364
0 0.13766388557806908 0.7520858164481525 0.15137067938021453 0.13349225268176382
0 0.25387365911799764 0.7419547079856973 0.12157330154946361 0.10607866507747332
0 0.27949940405244317 0.9123957091775927 0.12514898688915366 0.12753277711561414
0 0.11740166865315832 0.8593563766388561 0.12753277711561367 0.13110846245530472
0 0.3969010727056021 0.893325387365912 0.14302741358760432 0.14183551847437478
0 0.09008119785458879 0.9481525625744932 0.15356823599523242 0.10369487485101271
0 0.5566150178784267 0.9433849821215733 0.14779499404052437 0.11084624553039334
0 0.5232419547079857 0.7759237187127533 0.14064362336114425 0.13110846245530422
0 0.4046483909415972 0.6281287246722289 0.13706793802145417 0.1263408820023842
0 0.41895113230035697 0.802145411203814 0.12514898688915363 0.10488676996424315
0 0.42073897497020263 0.530393325387366 0.1406436233611442 0.13349225268176418
0 0.5852205005959477 0.5697258641239571 0.1358760429082241 0.13110846245530383
0 0.6084624553039333 0.46781883194278906 0.14660309892729437 0.12991656734207388
0 0.4332538736591179 0.42550655542312277 0.134684147794994 0.11442193087008347
0 0.40405244338498214 0.24910607866507747 0.13110846245530397 0.11918951132300357
0 0.42669845053635286 0.15137067938021453 0.12872467222884387 0.1239570917759237
0 0.4696066746126344 0.06019070321811678 0.15256257449344485 0.12038140643623356
0 0.6626936829558996 0.04231227651966628 0.12872467222884365 0.08462455303933256
0 0.5393325387365926 0.11680572109654343 0.14421930870083438 0.1525625744934444
0 0.6740166865315852 0.2800953516090583 0.13706793802145462 0.1454112038140643
0 0.84207389749702 0.058402860548271776 0.14898688915375438 0.11680572109654355
0 0.5482717520858182 0.6764004767580448 0.1525625744934449 0.11561382598331267
0 0.7228843861740166 0.7330154946364721 0.11561382598331335 0.13349225268176398
0 0.7556615017878421 0.6400476758045289 0.15494636471990464 0.1311084624553033
0 0.727056019070322 0.45351609058402836 0.14302741358760432 0.14660309892729403
0 0.47735399284862934 0.33730631704410013 0.14421930870083435 0.12395709177592373
0 0.8974970202622168 0.400476758045292 0.13110846245530397 0.12395709177592366
0 0.7693682955899881 0.26579261025029793 0.13230035756853398 0.15256257449344457
0 0.8098927294398099 0.1579261025029797 0.1370679380214542 0.12038140643623355
0 0.867699642431466 0.8778307508939213 0.1454112038140643 0.13945172824791413
0 0.8849821215733016 0.7830750893921334 0.12753277711561395 0.10965435041716319
0 0.9284862932061978 0.6811680572109654 0.1430274135876043 0.12276519666269366
0 0.8903456495828372 0.5083432657926107 0.15017878426698472 0.12991656734207485
0 0.07330154946364725 0.6835518474374256 0.1466030989272945 0.14421930870083438
