0 0.13743016759776538 0.052513966480446934 0.12960893854748604 0.1005586592178771
0 0.09720670391061453 0.1122905027932961 0.1229050279329609 0.11284916201117319
0 0.05027932960893851 0.1871508379888266 0.10055865921787702 0.1418994413407816
0 0.042458100558659194 0.3675977653631286 0.08491620111731839 0.1318435754189944
0 0.14357541899441334 0.35027932960893826 0.1396648044692737 0.13072625698323975
0 0.19329608938547488 0.2770949720670391 0.13184357541899439 0.13631284916201117
0 0.22625698324022345 0.1871508379888268 0.0994413407821229 0.09497206703910614
0 0.2653631284916201 0.13072625698324022 0.13519553072625695 0.10502793296089384
0 0.29832402234636873 0.05865921787709496 0.13631284916201114 0.10391061452513965
0 0.40614525139664787 0.06424581005586581 0.13743016759776536 0.12849162011173162
0 0.36983240223463626 0.15530726256983227 0.12737430167597744 0.13184357541899414
0 0.2977653631284916 0.29050279329608925 0.1441340782122904 0.11396648044692707
0 0.33798882681564224 0.22737430167597764 0.14636871508379876 0.11508379888268169
0 0.21173184357541872 0.45027932960893857 0.14636871508379878 0.10502793296089383
0 0.25418994413407814 0.3692737430167598 0.14189944134078206 0.10837988826815648
0 0.06424581005586584 0.49217877094972023 0.12849162011173168 0.13296089385474769
0 0.10726256983240223 0.6765363128491618 0.16536312849162008 0.15083798882681584
0 0.1759776536312848 0.524022346368715 0.15083798882681565 0.0960893854748602
0 0.2547486033519553 0.7173184357541901 0.15418994413407805 0.12513966480446917
0 0.30893854748603355 0.5726256983240222 0.13743016759776538 0.1128491620111728
0 0.37653631284916145 0.3944134078212289 0.14078212290502765 0.12067039106145235
0 0.3430167597765367 0.48435754189944136 0.14301675977653638 0.11061452513966484
0 0.4324022346368709 0.3245810055865921 0.14525139664804454 0.08826815642458075
0 0.47318435754189847 0.2525139664804468 0.1553072625698322 0.12290502793296074
0 0.49720670391061406 0.17821229050279302 0.15418994413407816 0.11284916201117295
0 0.5268156424581003 0.10111731843575417 0.15307262569832403 0.10167597765363123
0 0.5491620111731844 0.041340782122905005 0.16648044692737426 0.08268156424581001
0 0.7581005586592178 0.07430167597765364 0.11508379888268153 0.12402234636871508
0 0.8659217877094973 0.06983240223463683 0.13407821229050285 0.11955307262569823
0 0.7731843575418995 0.3553072625698324 0.12960893854748604 0.12067039106145248
0 0.8 0.25251396648044694 0.12513966480446925 0.13631284916201117
0 0.6212290502793296 0.2 0.11843575418994412 0.12067039106145253
0 0.5715083798882682 0.40335195530726253 0.12849162011173185 0.13631284916201117
0 0.6078212290502791 0.5715083798882682 0.13184357541899422 0.13296089385474874
0 0.7888268156424567 0.6318435754189944 0.12737430167597766 0.13966480446927368
0 0.8977653631284918 0.605027932960894 0.11508379888268153 0.1083798882681564
0 0.9217877094972067 0.511731843575419 0.12513966480446925 0.12513966480446925
0 0.8273743016759777 0.8016759776536313 0.12178770949720671 0.11955307262569832
0 0.9324022346368716 0.7720670391061453 0.11508379888268153 0.12737430167597766
0 0.9592178770949721 0.9486033519553064 0.08156424581005574 0.1005586592178756
0 0.6312849162011173 0.858659217877095 0.13184357541899452 0.11731843575418992
0 0.5407821229050279 0.7748603351955308 0.11843575418994412 0.11508379888268153
0 0.47597765363128486 0.700558659217877 0.12513966480446925 0.12737430167597766
0 0.4240223463687151 0.899441340782123 0.12402234636871505 0.11843575418994405
0 0.3480446927374292 0.8279329608938549 0.11731843575418978 0.10726256983240261
0 0.5044692737430168 0.599441340782123 0.1150837988826816 0.11955307262569832
0 0.5368715083798883 0.49832402234636874 0.1150837988826816 0.11396648044692739
0 0.7452513966480425 0.4581005586592177 0.13631284916201106 0.11396648044692723
0 0.9430167597765363 0.41340782122905023 0.11396648044692739 0.12960893854748598
0 0.0776536312849162 0.9044692737430168 0.14413407821229052 0.12402234636871512
0 0.12905027932960894 0.8430167597765365 0.11955307262569834 0.11955307262569832
0 0.3212290502793296 0.9240223463687152 0.12402234636871508 0.11620111731843565
0 0.3720670391061452 0.7324022346368725 0.1117318435754189 0.13072625698324047
0 0.6575418994413408 0.7458100558659218 0.1307262569832401 0.14413407821229057
0 0.7944134078212285 0.9083798882681563 0.13631284916201108 0.12067039106145198
0 0.5972067039106145 0.9441340782122905 0.1284916201117317 0.11173184357541899
