0 0.3983240223463687 0.9217877094972067 0.12402234636871512 0.12960893854748604
0 0.42067039106145254 0.8206703910614525 0.11955307262569832 0.13072625698324017
0 0.4519553072625698 0.7156424581005587 0.11955307262569832 0.1418994413407819
0 0.49162011173184356 0.6100558659217876 0.13407821229050276 0.13854748603351952
0 0.5122905027932961 0.5212290502793296 0.12402234636871505 0.12849162011173193
0 0.5424581005586592 0.41340782122905023 0.1374301675977653 0.1452513966480447
0 0.5737430167597765 0.3139664804469274 0.12625698324022344 0.1296089385474861
0 0.41508379888268154 0.26927374301675977 0.14413407821229052 0.13854748603351952
0 0.4324022346368715 0.17318435754189943 0.1810055865921788 0.12290502793296089
0 0.4670391061452514 0.08156424581005588 0.14525139664804476 0.1363128491620112
0 0.577653631284916 0.06312849162011173 0.11843575418994401 0.11508379888268155
0 0.2659217877094972 0.12346368715083798 0.14301675977653633 0.12849162011173185
0 0.15363128491620112 0.13966480446927373 0.12178770949720669 0.1229050279329609
0 0.2011173184357542 0.30893854748603355 0.129608938547486 0.12178770949720671
0 0.1748603351955307 0.4173184357541899 0.14860335195530724 0.1351955307262569
0 0.04916201117318435 0.5351955307262568 0.0983240223463687 0.11396648044692742
0 0.07150837988826816 0.4357541899441341 0.12513966480446928 0.11843575418994412
0 0.09664804469273744 0.3290502793296089 0.12402234636871508 0.11731843575418992
0 0.20391061452513967 0.6016759776536312 0.11731843575418992 0.13296089385474852
0 0.31564245810055835 0.5815642458100558 0.13296089385474852 0.12178770949720642
0 0.35307262569832404 0.4743016759776536 0.1474860335195531 0.1217877094972068
0 0.21843575418994413 0.8525139664804469 0.12849162011173182 0.14748603351955297
0 0.20502793296089386 0.9446927374301676 0.15530726256983238 0.11061452513966487
0 0.6670391061452514 0.9379888268156423 0.1340782122905027 0.12402234636871512
0 0.7055865921787707 0.8435754189944137 0.13072625698324017 0.12737430167597785
0 0.8625698324022346 0.9011173184357542 0.12290502793296099 0.14636871508379898
0 0.8994413407821229 0.7966480446927374 0.13854748603351966 0.13184357541899444
0 0.9206703910614525 0.7 0.1363128491620111 0.12178770949720671
0 0.9486033519553072 0.6044692737430168 0.10279329608938553 0.12960893854748604
0 0.8798882681564245 0.529608938547486 0.11955307262569818 0.1251396648044693
0 0.9223463687150837 0.43184357541899443 0.13072625698324017 0.12849162011173185
0 0.9407821229050279 0.323463687150838 0.11843575418994419 0.13519553072625698
0 0.9027932960893855 0.16368715083798882 0.12737430167597766 0.13519553072625698
0 0.9284916201117313 0.056983240223463676 0.14301675977653613 0.11396648044692735
0 0.806145251396648 0.1687150837988827 0.13966480446927376 0.13631284916201117
0 0.7793296089385475 0.2659217877094972 0.13072625698324017 0.13407821229050274
0 0.8050279329608935 0.4502793296089386 0.12178770949720687 0.12513966480446953
0 0.7569832402234633 0.6502793296089381 0.13743016759776536 0.1385474860335184
0 0.6726256983240213 0.5692737430167599 0.13854748603351946 0.12178770949720699
0 0.7223463687150837 0.7480446927374302 0.13072625698324017 0.12625698324022352
0 0.5932960893854748 0.8631284916201117 0.12290502793296092 0.13966480446927362
0 0.6256983240223464 0.7698324022346368 0.11396648044692739 0.12513966480446925
0 0.5592178770949721 0.9474860335195531 0.11955307262569839 0.1050279329608938
0 0.7720670391061449 0.9307262569832391 0.11173184357541854 0.11173184357541882
0 0.9318435754189945 0.9586592178770944 0.10055865921787716 0.0826815642458092
0 0.71731843575419 0.4787709497206704 0.12960893854748604 0.13296089385474857
0 0.3284916201117316 0.8396648044692742 0.11396648044692713 0.1463687150837989
0 0.6458100558659209 0.40335195530726237 0.12737430167597757 0.13184357541899389
0 0.7418994413407826 0.09888268156424576 0.14301675977653647 0.13296089385474852
0 0.6709497206703909 0.28324022346368716 0.11955307262569832 0.13519553072625698
0 0.26033519553072626 0.7759776536312849 0.13631284916201117 0.10837988826815632
0 0.3469273743016757 0.736312849162011 0.13072625698324025 0.1296089385474855
0 0.5569832402234632 0.702234636871508 0.1396648044692735 0.13072625698323975
