0 0.8938547486033522 0.08379888268156414 0.12513966480446956 0.12067039106145236
0 0.8653631284916189 0.18379888268156416 0.12625698324022322 0.11061452513966465
0 0.799999999999999 0.10446927374301676 0.12513966480446917 0.13966480446927376
0 0.9592178770949701 0.17486033519553046 0.08156424581005553 0.12625698324022308
0 0.9134078212290493 0.37430167597765335 0.14189944134078203 0.13854748603351905
0 0.7212290502793296 0.3268156424581005 0.13072625698324003 0.1150837988826816
0 0.8407821229050265 0.2888268156424582 0.1262569832402233 0.11284916201117308
0 0.9402234636871504 0.27094972067039047 0.11955307262569924 0.11955307262569793
0 0.8547486033519553 0.5659217877094972 0.12067039106145244 0.14413407821229057
0 0.9424581005586592 0.5346368715083799 0.11508379888268166 0.14189944134078217
0 0.8972067039106149 0.736312849162011 0.1318435754189945 0.10279329608938495
0 0.9284916201117318 0.9150837988826817 0.1206703910614526 0.12513966480446925
0 0.9463687150837973 0.8050279329608929 0.10726256983240136 0.14189944134078075
0 0.7296089385474861 0.7061452513966481 0.12513966480446925 0.1162011173184358
0 0.8290502793296093 0.9290502793296085 0.1407821229050279 0.13519553072625634
0 0.8564245810055866 0.8296089385474861 0.10614525139664806 0.10614525139664806
0 0.6441340782122904 0.8977653631284916 0.14860335195530724 0.1307262569832403
0 0.5737430167597766 0.8089385474860336 0.14189944134078217 0.13184357541899444
0 0.6156424581005586 0.7134078212290502 0.15642458100558657 0.12849162011173176
0 0.36424581005586587 0.5843575418994413 0.13184357541899439 0.12737430167597757
0 0.39832402234636866 0.4893854748603351 0.135195530726257 0.1229050279329607
0 0.1005586592178771 0.5446927374301676 0.15418994413407824 0.13519553072625703
0 0.07541899441340782 0.37821229050279326 0.14860335195530727 0.13743016759776525
0 0.39162011173184363 0.20949720670391062 0.13743016759776538 0.12402234636871506
0 0.32737430167597753 0.13966480446927368 0.1273743016759776 0.11843575418994395
0 0.5932960893854748 0.17932960893854744 0.13184357541899444 0.11955307262569823
0 0.5094972067039104 0.08603351955307263 0.12960893854748587 0.10949720670391061
0 0.055865921787709494 0.08938547486033517 0.11173184357541899 0.11396648044692735
0 0.09776536312849164 0.2698324022346365 0.14189944134078214 0.12178770949720649
0 0.26312849162011176 0.3418994413407821 0.13072625698324022 0.12290502793296096
0 0.43240223463687144 0.39217877094972065 0.12067039106145253 0.1206703910614526
0 0.5273743016759777 0.36312849162011174 0.11396648044692739 0.10949720670391062
0 0.5692737430167598 0.2737430167597765 0.14189944134078225 0.10949720670391062
0 0.5720670391061452 0.5402234636871508 0.13407821229050276 0.14636871508379884
0 0.44748603351955313 0.9335195530726257 0.13743016759776538 0.13296089385474857
0 0.48324022346368717 0.8480446927374302 0.12402234636871512 0.1430167597765363
0 0.24357541899441343 0.71731843575419 0.12513966480446928 0.1407821229050279
0 0.27206703910614527 0.6033519553072627 0.12625698324022344 0.13631284916201117
0 0.10502793296089387 0.8223463687150837 0.14972067039106146 0.13854748603351952
0 0.0770949720670391 0.6441340782122903 0.1430167597765363 0.13519553072625656
0 0.45921787709497197 0.29553072625698323 0.11396648044692735 0.11508379888268157
0 0.21620111731843575 0.16592178770949723 0.13296089385474857 0.1329608938547486
0 0.24804469273743016 0.06480446927374302 0.11843575418994412 0.11173184357541899
0 0.3480446927374299 0.053631284916201054 0.12178770949720664 0.10726256983240211
0 0.629608938547486 0.07821229050279328 0.14189944134078217 0.1206703910614525
0 0.7955307262569832 0.4860335195530726 0.14972067039106152 0.13407821229050276
0 0.2759776536312849 0.8815642458100558 0.12067039106145253 0.12067039106145244
0 0.4212290502793296 0.7608938547486034 0.1407821229050279 0.12067039106145244
0 0.4424581005586593 0.6553072625698318 0.1206703910614524 0.11955307262569818
0 0.2307262569832403 0.44692737430167623 0.1262569832402235 0.12067039106145322
0 0.6083798882681554 0.4435754189944132 0.11731843575418982 0.1005586592178768
0 0.7441340782122904 0.5916201117318436 0.12290502793296085 0.12402234636871512
0 0.7050279329608944 0.14636871508379878 0.11843575418994493 0.14301675977653622
0 0.1564245810055866 0.0821229050279329 0.13407821229050282 0.10837988826815638
0 0.4955307262569836 0.18491620111731827 0.1173184357541906 0.14413407821229013
