0 0.4491620111731844 0.6391061452513966 0.11843575418994412 0.11843575418994419
0 0.48659217877094973 0.5463687150837988 0.12178770949720664 0.10726256983240226
0 0.5139664804469276 0.44804469273743025 0.1318435754189944 0.12290502793296097
0 0.7150837988826817 0.6703910614525139 0.11396648044692725 0.11843575418994419
0 0.5407821229050279 0.34357541899441346 0.12290502793296085 0.12849162011173185
0 0.5022346368715084 0.17486033519553076 0.12178770949720664 0.11061452513966483
0 0.44022346368715093 0.3513966480446928 0.13854748603351957 0.1374301675977654
0 0.7631284916201118 0.20614525139664802 0.1363128491620111 0.13519553072625698
0 0.9268156424580997 0.2575418994413406 0.13296089385474844 0.12178770949720646
0 0.875977653631285 0.4525139664804469 0.1027932960893854 0.12960893854748604
0 0.9430167597765363 0.5301675977653632 0.11396648044692766 0.1418994413407822
0 0.9413407821229051 0.7966480446927374 0.11731843575418992 0.1251396648044694
0 0.8832402234636872 0.7234636871508383 0.12402234636871508 0.12849162011173237
0 0.5888268156424581 0.7865921787709498 0.13407821229050293 0.11620111731843565
0 0.311731843575419 0.7547486033519553 0.15642458100558657 0.12178770949720671
0 0.3418994413407821 0.6581005586592178 0.11843575418994416 0.11396648044692732
0 0.15474860335195514 0.7106145251396643 0.1418994413407819 0.1497206703910613
0 0.3793296089385475 0.5547486033519553 0.12178770949720671 0.12625698324022344
0 0.41340782122905023 0.46815642458100565 0.13854748603351957 0.1206703910614526
0 0.3368715083798882 0.38994413407821227 0.14413407821229052 0.13631284916201117
0 0.6687150837988827 0.5011173184357541 0.1307262569832401 0.13296089385474857
0 0.7022346368715084 0.37765363128491614 0.12849162011173176 0.13184357541899439
0 0.8189944134078213 0.3715083798882677 0.12513966480446959 0.14860335195530697
0 0.7960893854748602 0.09553072625698324 0.11955307262569832 0.13072625698324022
0 0.6357541899441338 0.057541899441340784 0.12960893854748595 0.11508379888268157
0 0.5351955307262574 0.06871508379888266 0.1340782122905026 0.13743016759776533
0 0.47318435754189947 0.2581005586592179 0.12625698324022344 0.11843575418994412
0 0.5765363128491623 0.24860335195530714 0.12513966480446934 0.12402234636871491
0 0.20726256983240224 0.23631284916201117 0.13966480446927373 0.1262569832402235
0 0.23519553072625698 0.1301675977653631 0.135195530726257 0.13296089385474857
0 0.07262569832402234 0.08715083798882681 0.14078212290502792 0.11396648044692735
0 0.5536312849162008 0.6217877094972072 0.1307262569832402 0.14189944134078306
0 0.8178770949720671 0.652513966480447 0.11843575418994418 0.12737430167597807
0 0.6921787709497208 0.777094972067039 0.13519553072625703 0.11508379888268144
0 0.42178770949720645 0.745251396648045 0.13296089385474846 0.1385474860335202
0 0.7905027932960885 0.7413407821229054 0.13743016759776536 0.11955307262569762
0 0.9279329608938554 0.6162011173184333 0.1396648044692733 0.12625698324022053
0 0.15865921787709497 0.4363128491620112 0.12737430167597766 0.14413407821229043
0 0.08156424581005588 0.35418994413407817 0.13184357541899444 0.13854748603351957
0 0.11173184357541899 0.25363128491620107 0.1251396648044693 0.12067039106145255
0 0.34916201117318435 0.12960893854748604 0.1329608938547486 0.11620111731843576
0 0.25474860335195526 0.6849162011173179 0.11173184357541885 0.13407821229050348
0 0.9011173184357569 0.0765363128491619 0.13072625698324086 0.11284916201117298
0 0.6754189944134076 0.22458100558659175 0.13072625698323967 0.1430167597765362
0 0.7720670391061453 0.47262569832402235 0.12737430167597766 0.11843575418994412
0 0.05977653631284917 0.47486033519553084 0.11508379888268157 0.12513966480446942
0 0.8748603351955291 0.17988826815642456 0.14525139664804443 0.1318435754189944
0 0.27932960893854747 0.5743016759776534 0.13184357541899447 0.11620111731843523
