0 0.8822948001718949 0.058659217877094945 0.23541039965620963 0.11731843575418989
0 0.8506660936828535 0.23631284916201117 0.29866781263429304 0.15083798882681562
0 0.776966050709067 0.43184357541899504 0.3437902879243658 0.14413407821229085
0 0.6504512247529007 0.6184357541899442 0.349290932531156 0.11284916201117319
0 0.717834121186075 0.529050279329609 0.3355393210141806 0.11284916201117333
0 0.6614525139664805 0.8921787709497206 0.3712935109583155 0.13296089385474857
0 0.47580575848732276 0.8150837988826817 0.37954447786850026 0.12849162011173193
0 0.5541899441340782 0.7184357541899442 0.3602922217447357 0.12067039106145244
0 0.37541899441340776 0.6407821229050279 0.3602922217447356 0.12849162011173185
0 0.44142672969488617 0.5391061452513967 0.33828964331757627 0.13296089385474866
0 0.48955737000429733 0.4374301675977654 0.35204125483455095 0.14636871508379884
0 0.16089385474860335 0.9357541899441341 0.3052857756768371 0.12625698324022339
0 0.4097980232058447 0.9240223463687148 0.3190373871938123 0.12737430167597763
0 0.12238934250107421 0.7731843575418995 0.24477868500214842 0.14078212290502815
0 0.19252256123764502 0.5653631284916201 0.30253545337344223 0.13184357541899439
0 0.1347657928663515 0.39162011173184375 0.269531585732703 0.12625698324022364
0 0.18427159432746024 0.29217877094972067 0.3135367425870219 0.11061452513966483
0 0.24202836269875352 0.19050279329608913 0.3410399656209707 0.12625698324022294
0 0.5968199398366985 0.24748603351955317 0.30253545337344145 0.12178770949720696
0 0.7109583154275891 0.13854748603351957 0.29978513107004723 0.14301675977653633
0 0.3382896433175763 0.09608938547486033 0.3135367425870219 0.09385474860335195
0 0.10038676407391495 0.11508379888268154 0.2007735281478299 0.1072625698324022
0 0.5748173614095395 0.34189944134078215 0.3410399656209704 0.12737430167597774
0 0.4152986678126343 0.2754189944134079 0.2860335195530726 0.14189944134078214
0 0.1993983669961321 0.8441340782122901 0.2777825526428877 0.11061452513966438
0 0.2984099699183489 0.73631284916201 0.2942844864632566 0.1363128491620103
