0 0.8597765363128492 0.8011173184357544 0.12625698324022355 0.1139664804469275
0 0.8184357541899445 0.6446927374301674 0.14189944134078217 0.1452513966480444
0 0.6921787709497209 0.7692737430167597 0.14413407821229057 0.13072625698324017
0 0.6139664804469278 0.6944134078212295 0.14636871508379898 0.126256983240224
0 0.5737430167597766 0.5162011173184358 0.14413407821229057 0.11396648044692732
0 0.39944134078212284 0.46815642458100554 0.1776536312849162 0.12290502793296092
0 0.2284916201117319 0.4206703910614523 0.13519553072625715 0.12402234636871472
0 0.7072625698324022 0.39385474860335196 0.15418994413407816 0.1441340782122904
0 0.5368715083798884 0.34636871508379874 0.1486033519553073 0.12513966480446898
0 0.3558659217877094 0.31731843575418994 0.14413407821229052 0.13631284916201122
0 0.4899441340782119 0.17318435754189945 0.15754189944134073 0.1363128491620112
0 0.8212290502793301 0.3798882681564242 0.129608938547486 0.12737430167597683
0 0.4910614525139661 0.7983240223463686 0.1530726256983239 0.1240223463687144
0 0.2994413407821222 0.7759776536312848 0.14525139664804435 0.13966480446927373
0 0.13407821229050276 0.7262569832402233 0.15418994413407822 0.12513966480446892
0 0.16703910614525136 0.6251396648044696 0.12625698324022347 0.11955307262569899
0 0.0703910614525138 0.6407821229050273 0.13631284916201084 0.1396648044692736
0 0.061452513966480465 0.36871508379888246 0.12290502793296093 0.13631284916201072
0 0.7977653631284862 0.10111731843575435 0.1430167597765353 0.12625698324022377
0 0.9430167597765364 0.14245810055865907 0.11396648044692738 0.10837988826815627
0 0.6229050279329611 0.056983240223463724 0.12402234636871524 0.11396648044692745
0 0.3173184357541901 0.12458100558659183 0.14525139664804462 0.12849162011173137
0 0.23910614525139665 0.31620111731843575 0.1452513966480447 0.12067039106145253
0 0.08491620111731837 0.2692737430167597 0.1452513966480446 0.11620111731843563
0 0.7379888268156424 0.5536312849162013 0.135195530726257 0.12849162011173215
0 0.6636871508379889 0.23072625698324026 0.14972067039106157 0.11955307262569835
0 0.8296089385474871 0.2720670391061454 0.14189944134078217 0.13743016759776558
0 0.9441340782122905 0.5201117318435755 0.11173184357541899 0.1307262569832403
0 0.28268156424581004 0.5932960893854752 0.14301675977653636 0.1184357541899449
0 0.1435754189944134 0.08882681564245809 0.1463687150837989 0.1106145251396648
0 0.5234636871508385 0.07318435754189945 0.13296089385474866 0.12849162011173185
0 0.19832402234636873 0.5156424581005582 0.13743016759776508 0.13519553072625565
0 0.4430167597765363 0.6569832402234637 0.1463687150837989 0.13631284916201117
0 0.10167597765363129 0.8089385474860334 0.14972067039106146 0.10502793296089377
0 0.7212290502793285 0.6687150837988826 0.14636871508379878 0.13519553072625648
0 0.9508379888268153 0.7921787709497212 0.09608938547485917 0.13407821229050285
0 0.5988826815642458 0.7949720670391061 0.11843575418994384 0.13072625698323928
