0 0.25139664804469275 0.2 0.13407821229050276 0.11843575418994413
0 0.2988826815642458 0.3502793296089386 0.13743016759776533 0.13966480446927382
0 0.4357541899441341 0.5212290502793296 0.11620111731843571 0.11955307262569832
0 0.623463687150838 0.4748603351955307 0.12960893854748604 0.13407821229050285
0 0.6620111731843576 0.37318435754189944 0.1329608938547487 0.12290502793296085
0 0.6821229050279329 0.26145251396648045 0.12402234636871505 0.12290502793296092
0 0.5547486033519553 0.13016759776536316 0.12625698324022344 0.13743016759776538
0 0.4614525139664804 0.1536312849162011 0.12513966480446925 0.13519553072625695
0 0.38379888268156415 0.07206703910614523 0.13296089385474857 0.12178770949720667
0 0.5078212290502795 0.055865921787709494 0.1329608938547486 0.11173184357541899
0 0.10279329608938546 0.04860335195530723 0.12960893854748604 0.09720670391061446
0 0.8737430167597765 0.588268156424581 0.11173184357541899 0.15307262569832403
0 0.676536312849162 0.6497206703910615 0.12849162011173193 0.13296089385474844
0 0.3709497206703911 0.723463687150838 0.12513966480446928 0.13072625698324003
0 0.1670391061452514 0.7569832402234637 0.13072625698324022 0.11508379888268137
0 0.09217877094972067 0.6849162011173184 0.10391061452513965 0.13184357541899439
0 0.11731843575418996 0.5815642458100558 0.1340782122905028 0.12402234636871519
0 0.06536312849162011 0.511731843575419 0.13072625698324022 0.13407821229050276
0 0.18659217877094972 0.4055865921787709 0.10502793296089384 0.11396648044692732
0 0.22625698324022334 0.5597765363128491 0.13072625698323997 0.1251396648044693
0 0.3296089385474861 0.8173184357541899 0.09832402234636878 0.0860335195530726
0 0.799441340782123 0.7899441340782124 0.12178770949720658 0.1206703910614526
0 0.9044692737430169 0.7737430167597762 0.1374301675977652 0.11731843575418949
0 0.7927374301675977 0.5229050279329609 0.11731843575419006 0.13184357541899439
0 0.9240223463687158 0.39441340782122886 0.11396648044692786 0.1296089385474858
0 0.9458100558659213 0.2966480446927373 0.10837988826815638 0.10391061452513947
0 0.8888268156424575 0.22737430167597725 0.1262569832402229 0.11508379888268115
0 0.9134078212290503 0.1290502793296089 0.14189944134078217 0.12849162011173182
0 0.9407821229050279 0.048603351955307274 0.11843575418994404 0.09720670391061455
0 0.8458100558659217 0.049720670391061456 0.13854748603351952 0.09944134078212291
0 0.8201117318435756 0.141340782122905 0.11396648044692742 0.1039106145251396
0 0.8217877094972067 0.4201117318435755 0.13966480446927362 0.11620111731843571
0 0.5776536312849163 0.6770949720670391 0.13407821229050293 0.11173184357541899
0 0.5396648044692738 0.7720670391061453 0.13631284916201117 0.11173184357541899
0 0.3100558659217875 0.6525139664804468 0.13072625698323997 0.1072625698324018
0 0.1011173184357541 0.3173184357541897 0.13743016759776522 0.11396648044692678
0 0.6703910614525135 0.1072625698324022 0.12067039106145155 0.11843575418994408
0 0.46815642458100565 0.41061452513966484 0.12960893854748604 0.11284916201117319
0 0.9329608938547467 0.6726256983240225 0.13407821229050235 0.1430167597765366
0 0.4072625698324021 0.6178770949720664 0.15083798882681568 0.10502793296089279
0 0.5994413407821226 0.5804469273743016 0.12402234636871495 0.0882681564245807
0 0.06089385474860335 0.23519553072625698 0.1217877094972067 0.11955307262569835
