0 0.9497206703910615 0.08044692737430167 0.10055865921787714 0.13407821229050282
0 0.929608938547486 0.18324022346368715 0.1407821229050279 0.14301675977653633
0 0.8418994413407817 0.20726256983240227 0.14413407821229038 0.1508379888268155
0 0.9307262569832403 0.8128491620111731 0.13854748603351952 0.14189944134078203
0 0.7854748603351954 0.9379888268156423 0.1407821229050279 0.12402234636871512
0 0.8195530726256983 0.8519553072625697 0.14189944134078217 0.1329608938547487
0 0.8497206703910615 0.7525139664804469 0.13296089385474857 0.12625698324022352
0 0.9396648044692738 0.7245810055865922 0.12067039106145244 0.13072625698324017
0 0.8117318435754189 0.582122905027933 0.12849162011173176 0.1273743016759777
0 0.8776536312849162 0.3916201117318435 0.13743016759776525 0.1418994413407821
0 0.8871508379888254 0.2955307262569832 0.13854748603351932 0.11284916201117301
0 0.6363128491620111 0.25977653631284914 0.13743016759776538 0.13743016759776538
0 0.5625698324022346 0.17374301675977655 0.13296089385474857 0.13966480446927373
0 0.5329608938547485 0.04748603351955306 0.1162011173184357 0.09497206703910611
0 0.4307262569832402 0.044692737430167606 0.13072625698324025 0.08715083798882682
0 0.32960893854748596 0.054189944134078204 0.15195530726256987 0.10837988826815641
0 0.22067039106145253 0.07094972067039106 0.1597765363128492 0.1217877094972067
0 0.32625698324022345 0.31899441340782125 0.1318435754189944 0.12849162011173182
0 0.3636871508379888 0.21955307262569831 0.13296089385474857 0.12178770949720667
0 0.053631284916201116 0.4022346368715084 0.10726256983240223 0.13184357541899444
0 0.05642458100558658 0.30558659217877104 0.11284916201117316 0.12625698324022347
0 0.08044692737430166 0.2005586592178771 0.11620111731843574 0.12625698324022347
0 0.1664804469273743 0.28435754189944135 0.1430167597765363 0.12402234636871512
0 0.20055865921787727 0.1687150837988826 0.14413407821229057 0.12513966480446911
0 0.11452513966480446 0.10279329608938546 0.1217877094972067 0.11620111731843576
0 0.2731843575418994 0.511731843575419 0.13519553072625695 0.12960893854748598
0 0.3843575418994413 0.4960893854748603 0.1385474860335196 0.10949720670391067
0 0.541899441340782 0.5452513966480447 0.13184357541899444 0.1430167597765363
0 0.5737430167597766 0.4603351955307262 0.12402234636871512 0.12067039106145253
0 0.5027932960893855 0.3871508379888269 0.11843575418994419 0.13072625698324025
0 0.7743016759776536 0.41229050279329615 0.12067039106145244 0.11843575418994412
0 0.7759776536312843 0.6854748603351952 0.11731843575418986 0.11284916201117243
0 0.9178770949720669 0.5525139664804469 0.1374301675977655 0.1329608938547485
0 0.7402234636871509 0.5106145251396649 0.1329608938547487 0.11620111731843571
0 0.6888268156424582 0.6916201117318436 0.13296089385474866 0.13407821229050285
0 0.6268156424581005 0.8849162011173187 0.12513966480446911 0.12067039106145305
0 0.3525139664804467 0.8581005586592179 0.13519553072625692 0.13184357541899433
0 0.15307262569832403 0.9072625698324024 0.13184357541899439 0.12737430167597766
0 0.1899441340782123 0.8100558659217877 0.12067039106145254 0.11396648044692739
0 0.21452513966480447 0.7027932960893856 0.12290502793296089 0.13854748603351943
0 0.575977653631285 0.7201117318435755 0.11955307262569832 0.14413407821229057
0 0.6731843575418995 0.423463687150838 0.11061452513966494 0.1407821229050279
0 0.48044692737430167 0.7418994413407822 0.11173184357541899 0.13407821229050285
0 0.5284916201117319 0.9201117318435754 0.10949720670391067 0.13519553072625684
0 0.07039106145251398 0.5648044692737431 0.12067039106145253 0.13966480446927376
0 0.08100558659217878 0.835195530726257 0.13072625698324025 0.15307262569832403
0 0.10726256983240223 0.7262569832402235 0.11843575418994412 0.13407821229050285
0 0.38547486033519546 0.753072625698324 0.12290502793296092 0.12737430167597766
0 0.5083798882681564 0.6519553072625698 0.12290502793296085 0.11061452513966472
0 0.764804469273743 0.12458100558659219 0.1553072625698323 0.13966480446927373
0 0.7134078212290504 0.05977653631284916 0.13519553072625698 0.11955307262569832
0 0.48100558659217896 0.20111731843575412 0.0927374301675982 0.12737430167597752
0 0.05474860335195531 0.03910614525139665 0.10949720670391062 0.0782122905027933
0 0.6675977653631285 0.7877094972067037 0.11731843575419008 0.10502793296089342
0 0.7083798882681556 0.6139664804469269 0.13407821229050262 0.10614525139664757
0 0.9592178770949719 0.36368715083798847 0.0815642458100561 0.13966480446927357
0 0.7139664804469246 0.33072625698324015 0.12067039106145218 0.12737430167597755
0 0.3307262569832401 0.6810055865921786 0.13407821229050262 0.11508379888268207
0 0.23910614525139667 0.6078212290502794 0.14972067039106152 0.1072625698324023
0 0.20335195530726258 0.42513966480446924 0.14525139664804468 0.11955307262569832
0 0.4089385474860328 0.406145251396648 0.11173184357541893 0.12178770949720671
