0 0.7134078212290502 0.8044692737430168 0.12625698324022352 0.1094972067039106
0 0.5932960893854744 0.5597765363128491 0.14078212290502773 0.16983240223463675
0 0.30614525139664805 0.6324022346368715 0.12737430167597769 0.12737430167597766
0 0.3296089385474861 0.535195530726257 0.12290502793296089 0.12513966480446925
0 0.36927374301675975 0.4357541899441341 0.10614525139664803 0.13407821229050285
0 0.3754189944134078 0.32234636871508376 0.11620111731843576 0.12178770949720669
0 0.41284916201117317 0.24078212290502793 0.11731843575418992 0.12402234636871512
0 0.1564245810055866 0.48435754189944136 0.1340782122905028 0.13743016759776538
0 0.1754189944134078 0.37877094972067044 0.13184357541899444 0.13407821229050276
0 0.21284916201117318 0.27932960893854747 0.12178770949720669 0.12067039106145248
0 0.2430167597765363 0.1770949720670391 0.09050279329608933 0.12402234636871506
0 0.28324022346368716 0.08212290502793296 0.12402234636871512 0.1217877094972067
0 0.4424581005586592 0.13519553072625698 0.13854748603351957 0.13854748603351955
0 0.5871508379888266 0.28938547486033506 0.11955307262569786 0.12737430167597744
0 0.9357541899441341 0.3810055865921788 0.12625698324022339 0.158659217877095
0 0.946927374301676 0.5407821229050279 0.10614525139664806 0.12290502793296085
0 0.9111731843575419 0.20670391061452512 0.1329608938547487 0.13407821229050276
0 0.940782122905028 0.10446927374301675 0.11843575418994416 0.11284916201117316
0 0.8329608938547486 0.12402234636871491 0.12849162011173185 0.1363128491620109
0 0.8312849162011168 0.4150837988826812 0.11843575418994279 0.1463687150837986
0 0.8687150837988834 0.2988826815642465 0.13072625698323995 0.12625698324022336
0 0.8458100558659194 0.6826815642458105 0.13407821229050187 0.12513966480446953
0 0.71731843575419 0.17262569832402236 0.11620111731843565 0.12402234636871508
0 0.4994413407821229 0.5994413407821229 0.14301675977653638 0.12625698324022344
0 0.5262569832402235 0.48882681564245817 0.12067039106145253 0.12402234636871512
0 0.5620111731843579 0.39664804469273734 0.1430167597765365 0.1340782122905026
0 0.15977653631284916 0.7385474860335196 0.13631284916201117 0.12737430167597766
0 0.3452513966480447 0.8016759776536313 0.13631284916201117 0.11284916201117312
0 0.5290502793296089 0.753631284916201 0.12402234636871505 0.13966480446927376
0 0.08547486033519547 0.13184357541899433 0.13072625698324014 0.11620111731843558
0 0.09999999999999996 0.30670391061452507 0.12178770949720667 0.1284916201117317
0 0.08324022346368704 0.6675977653631285 0.11284916201117304 0.12178770949720637
0 0.4748603351955307 0.04581005586592179 0.14301675977653636 0.09162011173184358
0 0.6553072625698324 0.0988826815642458 0.13296089385474866 0.14860335195530727
0 0.8586592178770951 0.5849162011173185 0.12402234636871512 0.13743016759776538
0 0.7614525139664804 0.6145251396648045 0.11508379888268153 0.1206703910614526
0 0.6480446927374308 0.757541899441341 0.14301675977653647 0.13407821229050304
0 0.6698324022346368 0.3877094972067039 0.1284916201117317 0.10726256983240226
0 0.7625698324022341 0.34916201117318413 0.12625698324022325 0.13296089385474835
0 0.8189944134078201 0.7815642458100559 0.12737430167597769 0.13072625698324053
0 0.3837988826815636 0.7217877094972067 0.13296089385474852 0.1318435754189942
0 0.06256983240223463 0.7675977653631284 0.1206703910614525 0.12513966480446925
0 0.4340782122905027 0.5106145251396642 0.11061452513966463 0.11173184357541929
0 0.31005586592178774 0.2731843575418996 0.1106145251396649 0.135195530726257
0 0.5586592178770947 0.11173184357541889 0.13184357541899444 0.13407821229050282
0 0.8608938547486034 0.05195530726256984 0.11731843575418989 0.10391061452513968
0 0.04860335195530725 0.5178770949720669 0.0972067039106145 0.1486033519553073
0 0.28547486033519526 0.36592178770949696 0.14636871508379837 0.12849162011173185
0 0.10055865921787703 0.04748603351955306 0.12067039106145244 0.09497206703910611
