0 0.06592178770949723 0.0597765363128492 0.13184357541899447 0.1195530726256984
0 0.04748603351955308 0.17318435754189931 0.09497206703910616 0.10949720670391033
0 0.20167597765363127 0.21620111731843575 0.13072625698324022 0.1307262569832402
0 0.22905027932960892 0.11564245810055866 0.11396648044692735 0.13072625698324028
0 0.15921787709497207 0.05418994413407819 0.11731843575418992 0.10837988826815638
0 0.33240223463687146 0.09329608938547479 0.14636871508379873 0.12849162011173174
0 0.4715083798882676 0.2525139664804468 0.13631284916201092 0.1385474860335194
0 0.5480446927374302 0.050837988826815624 0.14860335195530724 0.10167597765363125
0 0.7145251396648027 0.08938547486033527 0.12625698324022328 0.11620111731843588
0 0.8391061452513966 0.3430167597765363 0.13184357541899458 0.1430167597765363
0 0.8636871508379889 0.23631284916201117 0.1162011173184358 0.12402234636871508
0 0.8452513966480447 0.0877094972067039 0.12849162011173176 0.11284916201117316
0 0.730167597765363 0.3687150837988827 0.12849162011173193 0.13631284916201114
0 0.7687150837988826 0.541899441340782 0.12737430167597766 0.12960893854748592
0 0.8782122905027933 0.5195530726256983 0.12737430167597766 0.13407821229050276
0 0.9553072625698323 0.4955307262569832 0.08938547486033528 0.12625698324022344
0 0.9581005586592178 0.7726256983240224 0.08379888268156421 0.12402234636871498
0 0.9407821229050279 0.8715083798882682 0.11843575418994419 0.12067039106145244
0 0.9273743016759782 0.9491620111731845 0.14078212290502815 0.10167597765363129
0 0.847486033519553 0.8893854748603351 0.13966480446927376 0.13631284916201125
0 0.8804469273743016 0.7921787709497207 0.12513966480446925 0.11620111731843594
0 0.8078212290502792 0.7156424581005589 0.13854748603351963 0.12402234636871519
0 0.9363128491620105 0.5994413407821237 0.12737430167597755 0.11731843575419167
0 0.5977653631284915 0.7648044692737428 0.12067039106145257 0.1240223463687148
0 0.709497206703911 0.7413407821229052 0.12067039106145333 0.12625698324022352
0 0.5597765363128491 0.5837988826815642 0.13407821229050276 0.13072625698324025
0 0.5893854748603351 0.4849162011173185 0.11731843575418985 0.12067039106145253
0 0.523463687150838 0.4312849162011173 0.13296089385474866 0.13184357541899439
0 0.4139664804469274 0.44357541899441344 0.13519553072625698 0.13184357541899444
0 0.4564245810055867 0.6134078212290504 0.1284916201117319 0.1251396648044692
0 0.5 0.7720670391061453 0.11955307262569832 0.12737430167597766
0 0.6491620111731844 0.9446927374301676 0.11396648044692732 0.11061452513966487
0 0.6770949720670393 0.8452513966480442 0.12960893854748623 0.12625698324022236
0 0.3670391061452514 0.906145251396648 0.14636871508379887 0.12737430167597766
0 0.3988826815642458 0.8122905027932962 0.12737430167597766 0.11843575418994405
0 0.32849162011173183 0.7407821229050279 0.12067039106145248 0.12067039106145244
0 0.3508379888268156 0.6346368715083799 0.11396648044692735 0.13407821229050285
0 0.3905027932960881 0.5402234636871512 0.12178770949720642 0.10391061452514044
0 0.31508379888268156 0.46312849162011177 0.12960893854748598 0.12849162011173185
0 0.20670391061452456 0.48994413407821213 0.11843575418994387 0.11731843575418942
0 0.21899441340782122 0.753072625698324 0.12513966480446925 0.12960893854748612
0 0.1446927374301676 0.6843575418994413 0.13743016759776538 0.11955307262569832
0 0.11675977653631285 0.7932960893854749 0.12402234636871508 0.09385474860335208
0 0.25977653631284914 0.9229050279329603 0.13519553072625698 0.13184357541899352
0 0.5491620111731842 0.9536312849162012 0.12402234636871505 0.09273743016759778
0 0.576536312849162 0.8759776536312842 0.12960893854748606 0.11173184357541772
0 0.667597765363128 0.5759776536312841 0.12849162011173082 0.12402234636871326
0 0.6631284916201118 0.2966480446927374 0.12849162011173176 0.12625698324022344
0 0.6916201117318441 0.1877094972067039 0.140782122905028 0.13631284916201117
0 0.14413407821229052 0.40335195530726253 0.11396648044692738 0.1273743016759777
0 0.3675977653631285 0.2681564245810056 0.1318435754189944 0.11843575418994412
0 0.6385474860335194 0.6798882681564241 0.13296089385474832 0.11508379888268079
0 0.7469273743016758 0.9279329608938558 0.11508379888268147 0.1307262569832403
