0 0.7398366996132358 0.1910614525139665 0.308036097980232 0.12067039106145254
0 0.8809196390201975 0.37877094972067044 0.23816072195960472 0.12067039106145253
0 0.8575418994413408 0.47262569832402235 0.28491620111731847 0.13184357541899439
0 0.8314138375590889 0.5715083798882682 0.3371723248818222 0.14189944134078217
0 0.8424151267726687 0.777094972067039 0.3151697464546626 0.11284916201117326
0 0.8182208852599914 0.8837988826815643 0.3327889987107865 0.11396648044692739
0 0.5074344649763645 0.9474860335195531 0.36029222174473574 0.1050279329608938
0 0.49780833691448206 0.8575418994413408 0.3630425440481305 0.12849162011173176
0 0.5253115599484314 0.7687150837988826 0.3575418994413407 0.12067039106145244
0 0.5170605930382467 0.693854748603352 0.34654061022776106 0.10726256983240219
0 0.5253115599484315 0.6005586592178771 0.3190373871938118 0.1396648044692737
0 0.5115599484314568 0.5111731843575419 0.3410399656209712 0.13072625698324017
0 0.5335625268586163 0.42178770949720673 0.37954447786850026 0.11955307262569832
0 0.6710786420283626 0.276536312849162 0.2750322303394929 0.10167597765363126
