0 0.8977653631284914 0.8553072625698322 0.13966480446927376 0.13743016759776552
0 0.9435754189944131 0.6463687150837986 0.11284916201117312 0.13743016759776475
0 0.5279329608938548 0.9458100558659217 0.11508379888268166 0.10837988826815646
0 0.6273743016759776 0.9256983240223462 0.12849162011173185 0.11284916201117326
0 0.7754189944134078 0.7100558659217876 0.1050279329608938 0.12625698324022339
0 0.8083798882681564 0.6016759776536312 0.11731843575418992 0.11955307262569818
0 0.8324022346368714 0.5027932960893853 0.10949720670391057 0.11396648044692716
0 0.9558659217877092 0.28435754189944124 0.08826815642458101 0.13966480446927365
0 0.9480446927374302 0.10949720670391061 0.10391061452513967 0.13854748603351955
0 0.8905027932960893 0.048044692737430165 0.14525139664804476 0.09608938547486033
0 0.7893854748603352 0.05586592178770948 0.11508379888268173 0.11173184357541896
0 0.5435754189944134 0.8458100558659217 0.15307262569832397 0.1296089385474859
0 0.5754189944134077 0.7441340782122904 0.12513966480446923 0.14078212290502795
0 0.3905027932960894 0.8100558659217877 0.14636871508379887 0.12067039106145244
0 0.4245810055865922 0.9558659217877096 0.11173184357541899 0.08826815642458101
0 0.09497206703910614 0.7597765363128491 0.1318435754189944 0.12737430167597766
0 0.16145251396648042 0.5631284916201118 0.1396648044692737 0.13854748603351977
0 0.2955307262569833 0.4558659217877095 0.1329608938547486 0.1094972067039106
0 0.25865921787709495 0.2782122905027933 0.13296089385474857 0.11620111731843576
0 0.07988826815642458 0.22569832402234616 0.13519553072625698 0.12290502793296053
0 0.1435754189944134 0.9430167597765363 0.1418994413407821 0.11396648044692739
0 0.3212290502793296 0.7212290502793296 0.13519553072625695 0.11284916201117312
0 0.34134078212290503 0.6324022346368715 0.12849162011173193 0.1206703910614526
0 0.6463687150837988 0.5497206703910615 0.1463687150837989 0.1251396648044693
0 0.6692737430167597 0.4441340782122905 0.12290502793296085 0.09720670391061446
0 0.5977653631284916 0.3670391061452514 0.12737430167597757 0.11731843575418996
0 0.6279329608938548 0.2681564245810056 0.13184357541899439 0.12290502793296092
0 0.32011173184357544 0.07932960893854749 0.13072625698324022 0.11620111731843576
0 0.2217877094972067 0.09497206703910616 0.1106145251396648 0.11620111731843576
0 0.42513966480446896 0.056983240223463676 0.11061452513966477 0.11396648044692735
0 0.10726256983240223 0.11899441340782121 0.11620111731843574 0.11955307262569832
0 0.7703910614525139 0.41843575418994416 0.11284916201117312 0.12402234636871505
0 0.4055865921787708 0.4223463687150839 0.13407821229050282 0.1318435754189946
0 0.11340782122905027 0.39944134078212296 0.11508379888268155 0.09944134078212287
0 0.08715083798882682 0.48715083798882686 0.12737430167597766 0.12290502793296092
0 0.37150837988826824 0.24860335195530703 0.13519553072625692 0.12178770949720627
0 0.2379888268156424 0.6424581005586589 0.12960893854748606 0.11396648044692662
0 0.6882681564245802 0.07988826815642458 0.12067039106145228 0.1329608938547486
0 0.8620111731843584 0.41564245810055866 0.14413407821229066 0.09832402234636857
0 0.7905027932960877 0.312290502793296 0.13296089385474838 0.13743016759776527
0 0.23296089385474858 0.37877094972067077 0.14636871508379884 0.12290502793296108
0 0.06871508379888262 0.8631284916201121 0.11955307262569821 0.10837988826815696
0 0.04189944134078212 0.6804469273743013 0.08379888268156424 0.12513966480446934
0 0.5754189944134079 0.4815642458100557 0.1273743016759775 0.12067039106145218
0 0.5536312849162011 0.19720670391061454 0.11955307262569832 0.11955307262569834
0 0.5201117318435753 0.0463687150837989 0.13296089385474855 0.0927374301675978
0 0.04692737430167598 0.06089385474860335 0.09385474860335195 0.1217877094972067
