0 0.41787709497206704 0.09608938547486036 0.14078212290502784 0.13407821229050285
0 0.060335195530726214 0.09050279329608937 0.12067039106145243 0.1318435754189944
0 0.17094972067039108 0.07094972067039103 0.13184357541899447 0.12402234636871504
0 0.6268156424581003 0.05810055865921786 0.1318435754189945 0.11620111731843571
0 0.7329608938547486 0.043575418994413424 0.1318435754189943 0.08715083798882685
0 0.8938547486033519 0.07262569832402231 0.10949720670391072 0.1273743016759776
0 0.9329608938547486 0.25754189944134076 0.10726256983240219 0.10837988826815642
0 0.8027932960893854 0.3681564245810051 0.13296089385474805 0.11508379888268153
0 0.9078212290502793 0.3608938547486032 0.13296089385474852 0.1094972067039105
0 0.5329608938547485 0.3592178770949721 0.13631284916201117 0.13072625698324022
0 0.5631284916201114 0.2452513966480447 0.13184357541899436 0.1262569832402234
0 0.4022346368715084 0.4754189944134078 0.14078212290502798 0.12178770949720671
0 0.5374301675977654 0.6245810055865921 0.15418994413407816 0.1273743016759777
0 0.7446927374301673 0.5798882681564246 0.1307262569832397 0.13184357541899433
0 0.7743016759776538 0.4782122905027931 0.11396648044692742 0.11396648044692709
0 0.5675977653631284 0.5201117318435762 0.14301675977653627 0.1307262569832399
0 0.4418994413407825 0.6435754189944136 0.11731843575419015 0.12960893854748617
0 0.36536312849162017 0.2871508379888268 0.12290502793296092 0.11843575418994416
0 0.1776536312849162 0.23128491620111732 0.13407821229050282 0.1094972067039106
0 0.0553072625698324 0.35921787709497255 0.1106145251396648 0.14860335195530727
0 0.0972067039106145 0.5391061452513967 0.13631284916201114 0.13519553072625698
0 0.12402234636871508 0.43631284916201124 0.1430167597765363 0.1284916201117321
0 0.20279329608938532 0.5301675977653635 0.13966480446927362 0.12625698324022358
0 0.2268156424581005 0.4217877094972068 0.1162011173184359 0.14636871508379892
0 0.24134078212290505 0.6921787709497207 0.12737430167597766 0.11284916201117312
0 0.13128491620111737 0.7111731843575417 0.12625698324022352 0.12402234636871451
0 0.1698324022346368 0.8782122905027934 0.1363128491620111 0.12513966480446934
0 0.27877094972067035 0.8653631284916201 0.11955307262569828 0.10837988826815632
0 0.4162011173184355 0.7547486033519551 0.13966480446927365 0.126256983240223
0 0.6860335195530726 0.7793296089385475 0.14972067039106152 0.13966480446927376
0 0.7150837988826801 0.6837988826815645 0.11843575418994394 0.09162011173184392
0 0.8564245810055866 0.8262569832402236 0.14413407821229043 0.15977653631284924
0 0.4513966480446929 0.9167597765363109 0.13631284916201145 0.12625698324022325
0 0.2536312849162009 0.9452513966480445 0.14748603351955303 0.10949720670391028
0 0.6955307262569832 0.3944134078212291 0.12849162011173185 0.1251396648044693
0 0.7720670391061462 0.18938547486033516 0.13184357541899466 0.13296089385474857
0 0.7290502793296089 0.9480446927374302 0.13966480446927362 0.09944134078212287
0 0.5480446927374295 0.8972067039106136 0.12625698324022389 0.13631284916201034
0 0.9111731843575419 0.6312849162011173 0.13072625698324017 0.1363128491620113
0 0.5882681564245813 0.1435754189944133 0.15083798882681562 0.12849162011173165
0 0.8782122905027936 0.4597765363128492 0.1407821229050281 0.11508379888268194
0 0.4268156424580999 0.36424581005586565 0.147486033519553 0.12960893854748542
0 0.1631284916201115 0.33128491620111716 0.13407821229050262 0.11284916201117276
0 0.04804469273743016 0.2022346368715082 0.09608938547486032 0.12067039106145218
0 0.07150837988826815 0.9122905027932958 0.11173184357541897 0.1307262569832403
