0 0.10279329608938548 0.052513966480446934 0.13184357541899444 0.10502793296089387
0 0.13687150837988826 0.2217877094972067 0.13743016759776538 0.12402234636871505
0 0.07932960893854749 0.41843575418994405 0.13854748603351955 0.1441340782122906
0 0.1206703910614526 0.5927374301675976 0.15418994413407852 0.1418994413407822
0 0.18212290502793277 0.7664804469273747 0.12960893854748592 0.12067039106145314
0 0.06368715083798887 0.7871508379888269 0.12737430167597774 0.14189944134078242
0 0.10726256983240223 0.9480446927374302 0.13184357541899444 0.10391061452513967
0 0.20837988826815643 0.9480446927374302 0.11284916201117319 0.09497206703910606
0 0.052513966480446934 0.8977653631284912 0.10502793296089387 0.12178770949720658
0 0.3005586592178771 0.9335195530726256 0.1251396648044693 0.13072625698324017
0 0.24189944134078215 0.8502793296089386 0.12849162011173185 0.1094972067039106
0 0.26927374301675977 0.7558659217877096 0.10726256983240226 0.10391061452513967
0 0.20502793296089386 0.664804469273743 0.11508379888268154 0.1407821229050279
0 0.2966480446927374 0.6558659217877095 0.1150837988826816 0.12737430167597757
0 0.26201117318435757 0.47039106145251386 0.11284916201117313 0.12290502793296053
0 0.3374301675977654 0.27932960893854747 0.11396648044692728 0.11843575418994408
0 0.4877094972067039 0.3329608938547486 0.13966480446927376 0.13631284916201117
0 0.3581005586592179 0.1854748603351955 0.12178770949720671 0.12737430167597763
0 0.4480446927374302 0.1726256983240224 0.1184357541899442 0.1262569832402235
0 0.27094972067039097 0.10167597765363126 0.12625698324022344 0.12960893854748598
0 0.16703910614525136 0.1262569832402235 0.13519553072625698 0.12513966480446928
0 0.07150837988826819 0.14357541899441334 0.13854748603351963 0.12402234636871493
0 0.6508379888268156 0.3793296089385475 0.13519553072625684 0.13519553072625698
0 0.6860335195530741 0.2977653631284917 0.15865921787709522 0.1083798882681567
0 0.7245810055865928 0.20000000000000007 0.13072625698324042 0.12737430167597777
0 0.6446927374301678 0.12625698324022344 0.12737430167597766 0.1206703910614525
0 0.5782122905027934 0.04581005586592179 0.10167597765363125 0.09162011173184358
0 0.4927374301675978 0.6061452513966481 0.13407821229050276 0.14189944134078197
0 0.5977653631284916 0.5966480446927375 0.12513966480446917 0.11843575418994419
0 0.6340782122905027 0.5050279329608939 0.1374301675977653 0.1094972067039106
0 0.4245810055865921 0.5223463687150839 0.13407821229050276 0.12178770949720671
0 0.46033519553072627 0.43966480446927375 0.13631284916201125 0.11284916201117319
0 0.3905027932960885 0.3631284916201119 0.12625698324022347 0.1296089385474863
0 0.776536312849162 0.9072625698324022 0.12737430167597766 0.12513966480446925
0 0.5307262569832403 0.776536312849162 0.11173184357541899 0.12737430167597766
0 0.5843575418994413 0.9441340782122905 0.1452513966480447 0.11173184357541899
0 0.9357541899441341 0.9374301675977654 0.12849162011173193 0.12513966480446925
0 0.9553072625698323 0.8564245810055866 0.08938547486033528 0.1329608938547487
0 0.7726256983240221 0.641340782122905 0.13743016759776536 0.14301675977653644
0 0.760893854748604 0.37765363128491614 0.12960893854748612 0.12513966480446911
0 0.8368715083798872 0.07821229050279334 0.1273743016759777 0.12737430167597774
0 0.9396648044692736 0.060893854748603274 0.12067039106145237 0.12178770949720655
0 0.9519553072625697 0.593854748603352 0.09608938547486033 0.12625698324022344
0 0.9234636871508379 0.4223463687150838 0.12849162011173176 0.13854748603351952
0 0.6363128491620111 0.750837988826816 0.13072625698324003 0.12960893854748626
0 0.4687150837988827 0.9513966480446928 0.12178770949720671 0.09720670391061446
0 0.43910614525139663 0.8005586592178772 0.12067039106145244 0.1307262569832403
0 0.4597765363128491 0.7044692737430168 0.13072625698324025 0.11508379888268153
0 0.8067039106145251 0.8027932960893855 0.1206703910614526 0.13519553072625698
0 0.8452513966480447 0.7139664804469273 0.09720670391061446 0.11173184357541899
0 0.7960893854748601 0.5229050279329608 0.13296089385474855 0.12067039106145233
0 0.589944134078212 0.31284916201117297 0.10279329608938498 0.12067039106145204
0 0.47262569832402235 0.06983240223463687 0.1363128491620111 0.11955307262569832
0 0.954748603351955 0.3162011173184358 0.09050279329608893 0.12513966480446936
