0 0.1318435754189944 0.09273743016759778 0.12737430167597766 0.11173184357541899
0 0.24134078212290488 0.07262569832402226 0.12737430167597757 0.1251396648044691
0 0.04469273743016759 0.1128491620111732 0.08938547486033518 0.12960893854748604
0 0.06312849162011175 0.03966480446927376 0.1262569832402235 0.07932960893854751
0 0.07653631284916201 0.2977653631284916 0.13519553072625698 0.13296089385474866
0 0.036312849162011177 0.4910614525139665 0.07262569832402235 0.12178770949720671
0 0.06145251396648053 0.3877094972067039 0.12290502793296106 0.11843575418994381
0 0.06759776536312849 0.6675977653631284 0.13519553072625698 0.13743016759776525
0 0.15921787709497207 0.6340782122905029 0.12625698324022344 0.11731843575418999
0 0.17709497206703909 0.5424581005586592 0.13966480446927373 0.11955307262569825
0 0.21284916201117318 0.4463687150837989 0.12625698324022344 0.11284916201117326
0 0.24860335195530728 0.3458100558659218 0.11284916201117319 0.12849162011173187
0 0.27597765363128496 0.24357541899441343 0.11396648044692735 0.1162011173184358
0 0.11005586592178773 0.18659217877094972 0.1329608938547486 0.1162011173184358
0 0.33966480446927333 0.6977653631284911 0.12067039106145151 0.1240223463687153
0 0.35698324022346367 0.5983240223463687 0.11508379888268153 0.11284916201117312
0 0.38603351955307263 0.5022346368715084 0.11508379888268153 0.12402234636871512
0 0.4201117318435755 0.39497206703910615 0.12960893854748598 0.12402234636871512
0 0.4480446927374298 0.3005586592178771 0.12513966480446914 0.12067039106145243
0 0.3910614525139666 0.22178770949720672 0.12737430167597796 0.12625698324022352
0 0.4016759776536313 0.1134078212290503 0.12178770949720671 0.10837988826815642
0 0.4346368715083798 0.040782122905027925 0.12290502793296089 0.08156424581005585
0 0.2005586592178769 0.8156424581005584 0.1307262569832401 0.13407821229050215
0 0.08826815642458101 0.8430167597765361 0.1452513966480447 0.10837988826815646
0 0.07039106145251402 0.9368715083798875 0.12513966480446934 0.11061452513966341
0 0.24469273743016762 0.9681564245810057 0.11843575418994412 0.06368715083798876
0 0.34245810055865916 0.9553072625698323 0.1039106145251396 0.08938547486033528
0 0.3692737430167595 0.8698324022346372 0.13072625698324014 0.12625698324022372
0 0.5094972067039106 0.746368715083799 0.11173184357541892 0.1206703910614526
0 0.5329608938547487 0.6463687150837988 0.11843575418994419 0.1150837988826816
0 0.5614525139664805 0.547486033519553 0.11731843575418985 0.1251396648044693
0 0.5810055865921788 0.4497206703910615 0.12290502793296106 0.1150837988826816
0 0.6217877094972067 0.3407821229050279 0.11731843575418999 0.11396648044692746
0 0.6402234636871509 0.24581005586592178 0.13184357541899444 0.12513966480446928
0 0.6837988826815636 0.15530726256983235 0.12737430167597757 0.11843575418994405
0 0.5737430167597765 0.16871508379888264 0.11955307262569827 0.1273743016759776
0 0.6117318435754189 0.07374301675977639 0.1463687150837988 0.12513966480446898
0 0.8541899441340781 0.1899441340782123 0.11284916201117312 0.12290502793296092
0 0.8782122905027933 0.0910614525139665 0.12290502793296085 0.11731843575418996
0 0.8927374301675957 0.35977653631284895 0.12067039106145247 0.11620111731843591
0 0.7620111731843576 0.4905027932960894 0.12737430167597766 0.11173184357541906
0 0.7966480446927372 0.3871508379888268 0.12513966480446936 0.1307262569832402
0 0.9106145251396647 0.6229050279329605 0.11396648044692707 0.11284916201117304
0 0.8446927374301677 0.8296089385474861 0.12737430167597766 0.11731843575418992
0 0.8212290502793296 0.9335195530726256 0.11396648044692748 0.11284916201117301
0 0.547486033519553 0.9217877094972067 0.1162011173184358 0.12513966480446925
0 0.6474860335195531 0.8927374301675975 0.12178770949720677 0.12067039106145218
0 0.6787709497206703 0.7821229050279329 0.10837988826815646 0.13184357541899458
0 0.7027932960893856 0.6932960893854749 0.12737430167597766 0.11731843575418999
0 0.7396648044692736 0.5949720670391061 0.13184357541899444 0.11284916201117326
0 0.9335195530726257 0.5268156424581006 0.13296089385474857 0.13072625698324025
