0 0.16442542787286066 0.061735941320293364 0.14058679706601473 0.12347188264058673
0 0.4034229828850856 0.18337408312958436 0.14180929095354528 0.15403422982885087
0 0.16503667481662593 0.32090464547677267 0.15403422982885084 0.12836185819070906
0 0.19070904645476758 0.21271393643031788 0.14914425427872854 0.12713936430317854
0 0.43704156479217604 0.35024449877750613 0.14792176039119803 0.1430317848410758
0 0.7023227383863082 0.12163814180929094 0.13325183374083124 0.15036674816625917
0 0.8636919315403424 0.15953545232273839 0.1259168704156478 0.14303178484107582
0 0.8025672371638142 0.3533007334963325 0.14303178484107576 0.15892420537897312
0 0.6308068459657702 0.3117359413202934 0.1515892420537898 0.12713936430317851
0 0.7420537897310513 0.5495110024449877 0.1540342298288509 0.1259168704156479
0 0.9083129584352078 0.6094132029339854 0.14914425427872857 0.15281173594132022
0 0.9352078239608802 0.7793398533007335 0.12958435207823954 0.14303178484107576
0 0.8306845965770171 0.9083129584352079 0.14303178484107576 0.1369193154034231
0 0.6094132029339854 0.6711491442542787 0.15281173594132022 0.13202933985330076
0 0.55440097799511 0.8710268948655256 0.11369193154034235 0.1503667481662592
0 0.6528117359413202 0.863080684596577 0.12713936430317851 0.13202933985330062
0 0.23960880195599008 0.6852078239608802 0.12713936430317846 0.13814180929095332
0 0.10391198044009772 0.5330073349633253 0.12713936430317843 0.12958435207823965
0 0.06051344743276284 0.3422982885085576 0.12102689486552567 0.1515892420537897
0 0.29156479217603887 0.2059902200488996 0.12591687041564747 0.1528117359413201
0 0.2878973105134474 0.8453545232273839 0.1234718826405868 0.14547677261613687
0 0.25183374083129584 0.938875305623472 0.13202933985330076 0.11491442542787283
0 0.46210268948655253 0.902200488997555 0.12713936430317851 0.13691931540342295
0 0.4786063569682152 0.7866748166259169 0.10146699266503674 0.14792176039119795
0 0.9553789731051344 0.39975550122249387 0.08924205378973099 0.14180929095354522
0 0.9608801955990218 0.05562347188264058 0.07823960880195603 0.11124694376528116
0 0.5378973105134469 0.06418092909535447 0.13936430317848397 0.1259168704156478
0 0.3007334963325184 0.48166259168704156 0.14669926650366752 0.1393643031784841
0 0.4614914425427873 0.6283618581907091 0.145476772616137 0.1515892420537898
0 0.5696821515892418 0.5177261613691931 0.12224938875305622 0.1405867970660145
0 0.1437385391198044 0.9480440097799512 0.13344284841075799 0.1039119804400977
0 0.7793398533007335 0.7261613691931541 0.11858190709046454 0.13936430317848406
0 0.6094132029339849 0.4077017114914423 0.12591687041564764 0.14792176039119756
0 0.11674816625916869 0.8111246943765279 0.10880195599022004 0.14058679706601426
