0 0.2781173594132029 0.40220048899755506 0.12102689486552563 0.13202933985330076
0 0.4792176039119804 0.3422982885085575 0.12224938875305626 0.13447432762836187
0 0.4034229828850856 0.2713936430317848 0.12469437652811735 0.12224938875305622
0 0.234718826405868 0.22493887530562348 0.13202933985330073 0.13202933985330073
0 0.25855745721271395 0.12286063569682153 0.1308068459657702 0.13080684596577016
0 0.1680929095354523 0.13569682151589244 0.11613691931540342 0.11980440097799512
0 0.10941320293398529 0.06295843520782388 0.1259168704156479 0.12591687041564775
0 0.0715158924205379 0.15097799511002447 0.11858190709046454 0.12347188264058681
0 0.05867970660146702 0.26344743276283605 0.11735941320293404 0.12836185819070878
0 0.15220048899755487 0.5103911980440098 0.13325183374083116 0.12591687041564803
0 0.10391198044009776 0.35391198044009786 0.12958435207823954 0.11613691931540351
0 0.2585574572127138 0.5073349633251832 0.12347188264058677 0.12224938875305627
0 0.05256723716381415 0.633251833740831 0.1051344743276283 0.12713936430317807
0 0.15709046454767717 0.7854523227383862 0.1308068459657701 0.12347188264058671
0 0.2823960880195599 0.6711491442542787 0.12469437652811735 0.14180929095354522
0 0.4242053789731051 0.8202933985330074 0.1295843520782396 0.13447432762836187
0 0.45965770171149145 0.7157701711491442 0.1149144254278729 0.11613691931540358
0 0.3820293398533008 0.6497555012224939 0.10391198044009776 0.10635696821515893
0 0.4541564792176028 0.44132029339853246 0.11858190709046443 0.11002444987774959
0 0.5800733496332519 0.5984107579462103 0.13569682151589257 0.14058679706601465
0 0.7891198044009781 0.4792176039119804 0.14058679706601468 0.17848410757946212
0 0.8942542787286064 0.45048899755501226 0.11613691931540344 0.128361858190709
0 0.9431540342298286 0.05867970660146702 0.11369193154034235 0.11735941320293404
0 0.8942542787286064 0.1693154034229829 0.1503667481662592 0.13569682151589244
0 0.8636919315403424 0.32762836185819066 0.1430317848410759 0.1393643031784841
0 0.7206601466992663 0.7622249388753058 0.13814180929095357 0.13325183374083177
0 0.832518337408313 0.6454767726161369 0.11491442542787283 0.11246943765281166
0 0.9480440097799512 0.5971882640586798 0.1039119804400977 0.14058679706601482
0 0.8838630806845965 0.8099022004889974 0.13691931540342295 0.1430317848410759
0 0.58679706601467 0.8740831295843521 0.14669926650366746 0.13447432762836173
0 0.28973105134474325 0.9327628361858191 0.1442542787286063 0.12958435207823968
0 0.18346959046454767 0.9443765281173594 0.12733037897310515 0.11124694376528126
0 0.049511002444987746 0.9040342298288507 0.09902200488997549 0.13569682151589246
0 0.061124694376528135 0.806845965770171 0.12224938875305627 0.13691931540342303
0 0.30378973105134477 0.8361858190709046 0.13325183374083127 0.12713936430317843
0 0.45730822127139364 0.9645476772616136 0.11999541564792175 0.07090464547677272
0 0.761002444987775 0.9315403422982885 0.09902200488997565 0.12958435207823954
0 0.6320293398533007 0.12408312958435207 0.13447432762836187 0.13814180929095354
0 0.6784841075794623 0.31784841075794623 0.1662591687041565 0.12469437652811742
0 0.6240831295843521 0.4627139364303179 0.1552567237163813 0.13569682151589235
0 0.5641809290953548 0.7011002444987773 0.11369193154034235 0.12347188264058645
0 0.8698044009779937 0.9278728606356965 0.13569682151589224 0.11246943765281149
0 0.6669659229828848 0.9407090464547678 0.1212179095354518 0.11858190709046411
0 0.7273838630806846 0.6112469437652809 0.13691931540342306 0.16136919315403367
0 0.8924205378973109 0.712102689486553 0.1418092909535453 0.11124694376528184
