0 0.3217877094972067 0.3636871508379888 0.11843575418994412 0.11284916201117323
0 0.4145251396648045 0.32793296089385476 0.11173184357541899 0.12849162011173185
0 0.08547486033519552 0.23575418994413408 0.1418994413407821 0.13854748603351957
0 0.11620111731843576 0.12625698324022344 0.14078212290502792 0.12290502793296089
0 0.23184357541899447 0.1094972067039106 0.1262569832402235 0.11396648044692734
0 0.22569832402234627 0.3893854748603352 0.12737430167597763 0.14413407821229055
0 0.038547486033519554 0.43184357541899443 0.07709497206703911 0.08379888268156449
0 0.06536312849162013 0.34245810055865916 0.13072625698324025 0.11061452513966472
0 0.2955307262569833 0.7374301675977654 0.1061452513966481 0.1027932960893854
0 0.10558659217877092 0.7793296089385475 0.12849162011173182 0.12402234636871512
0 0.2547486033519553 0.575977653631285 0.07374301675977658 0.0860335195530726
0 0.4173184357541899 0.6173184357541899 0.10614525139664799 0.10614525139664799
0 0.4653631284916196 0.7854748603351951 0.10614525139664796 0.12960893854748526
0 0.6614525139664805 0.7379888268156425 0.09832402234636874 0.11061452513966487
0 0.8357541899441341 0.7949720670391062 0.12960893854748604 0.14413407821229057
0 0.7927374301675977 0.623463687150838 0.11731843575419006 0.12067039106145253
0 0.6301675977653631 0.5743016759776536 0.14078212290502798 0.12960893854748598
0 0.6502793296089385 0.4659217877094972 0.1318435754189943 0.12960893854748604
0 0.5815642458100557 0.38994413407821216 0.1329608938547485 0.14301675977653602
0 0.7865921787709498 0.3458100558659218 0.11620111731843565 0.12849162011173187
0 0.8212290502793297 0.2452513966480447 0.1430167597765363 0.13743016759776538
0 0.5815642458100558 0.12960893854748604 0.13072625698324017 0.11843575418994416
0 0.41284916201117317 0.06536312849162011 0.11731843575418992 0.11061452513966481
0 0.611731843575419 0.2770949720670391 0.08826815642458115 0.10502793296089387
0 0.9446927374301676 0.40670391061452515 0.11061452513966487 0.13407821229050285
0 0.9374301675977654 0.777094972067039 0.12513966480446925 0.14413407821229057
0 0.8776536312849159 0.06648044692737429 0.153072625698324 0.13296089385474857
0 0.7731843575418995 0.07374301675977653 0.13854748603351952 0.12290502793296089
0 0.5692737430167596 0.7620111731843573 0.12849162011173168 0.12960893854748612
0 0.09720670391061448 0.512290502793296 0.10055865921787704 0.09944134078212287
0 0.8256983240223463 0.5139664804469274 0.12960893854748604 0.12067039106145244
0 0.3754189944134078 0.1720670391061452 0.11396648044692739 0.0983240223463687
0 0.9547486033519553 0.6726256983240223 0.0905027932960894 0.10502793296089387
0 0.8944134078212289 0.32290502793296094 0.11955307262569832 0.13631284916201114
0 0.46815642458100565 0.5011173184357541 0.1206703910614526 0.13296089385474857
