0 0.45660146699266485 0.22249388753056232 0.1381418092909535 0.13202933985330068
0 0.46638141809290956 0.4865525672371638 0.09413202933985332 0.12713936430317851
0 0.17603911980440096 0.18337408312958434 0.13202933985330073 0.1295843520782396
0 0.06051344743276282 0.05378973105134472 0.12102689486552563 0.10757946210268944
0 0.426039119804401 0.053178484107579464 0.14547677261613692 0.1039119804400978
0 0.11613691931540333 0.39731051344743257 0.12224938875305619 0.1418092909535449
0 0.2628361858190709 0.5366748166259169 0.12469437652811735 0.14180929095354528
0 0.367970660146699 0.5195599022004881 0.11246943765281134 0.13202933985330045
0 0.8227383863080684 0.5030562347188264 0.14180929095354528 0.13080684596577016
0 0.8533007334963324 0.4070904645476772 0.14669926650366746 0.12713936430317843
0 0.9462102689486552 0.36735941320293397 0.10757946210268955 0.14792176039119806
0 0.9187041564792164 0.19987775061124707 0.13569682151589227 0.1381418092909538
0 0.6546454767726158 0.1705378973105134 0.16259168704156482 0.13080684596577005
0 0.636919315403423 0.5403422982885085 0.15892420537897314 0.13691931540342295
0 0.7408312958435204 0.7805623471882644 0.1320293398532998 0.15281173594132016
0 0.3447432762836186 0.8893643031784841 0.12469437652811742 0.11858190709046454
0 0.15403422982885087 0.8422982885085574 0.12469437652811735 0.1515892420537898
0 0.28667481662591693 0.8001222493887531 0.11858190709046458 0.11369193154034235
0 0.19254278728606358 0.7322738386308069 0.11858190709046455 0.12958435207823954
0 0.3050122249388752 0.7059902200488999 0.14058679706601462 0.11613691931540346
0 0.47555012224938875 0.7665036674816625 0.13691931540342295 0.14669926650366746
0 0.5074304706601467 0.9394865525672372 0.1371103300733496 0.12102689486552563
0 0.666965922982885 0.9614914425427873 0.11388294621026887 0.07701711491442538
0 0.7849365831295843 0.9529339853300733 0.1465082518337408 0.09413202933985292
0 0.8123471882640588 0.8710268948655256 0.11369193154034234 0.10391198044009763
0 0.8374083129584345 0.7750611246943765 0.1149144254278729 0.1369193154034229
0 0.8728606356968214 0.6589242053789731 0.11491442542787283 0.11980440097799509
0 0.04400977995110024 0.6931540342298288 0.08801955990220048 0.12958435207823965
0 0.06051344743276282 0.6008557457212713 0.12102689486552563 0.09902200488997534
0 0.06784841075794613 0.8477995110024452 0.13569682151589227 0.15036674816625917
0 0.319682151589242 0.3343520782396088 0.11613691931540342 0.13569682151589238
0 0.5965770171149144 0.37775061124694376 0.1466992665036674 0.14669926650366746
0 0.8777506112469438 0.045843520782396105 0.1515892420537895 0.09168704156479221
0 0.9321515892420537 0.7536674816625919 0.1112469437652811 0.14547677261613726
0 0.9566014669926645 0.6259168704156463 0.08679706601466902 0.1344743276283615
0 0.5024449877750611 0.6528117359413202 0.14180929095354522 0.1320293398533007
0 0.06479217603911983 0.20599022004889977 0.12958435207823965 0.1332518337408313
0 0.6363080684596576 0.8086797066014672 0.14547677261613692 0.1503667481662592
0 0.2518337408312961 0.9095354523227386 0.0929095354523227 0.12224938875305653
0 0.7102689486552568 0.35391198044009786 0.11980440097799516 0.1308068459657702
