0 0.061124694376528114 0.7817848410757946 0.12224938875305623 0.11124694376528126
0 0.06845965770171142 0.8771393643031786 0.1320293398533006 0.12347188264058678
0 0.06173594132029337 0.9541564792176035 0.12347188264058674 0.0916870415647912
0 0.05745721271393643 0.6778728606356969 0.11491442542787286 0.1234718826405868
0 0.04951100244498776 0.5165036674816628 0.09902200488997552 0.11369193154034245
0 0.1430317848410758 0.3471882640586797 0.15647921760391198 0.15647921760391198
0 0.08068459657701711 0.08557457212713937 0.1491442542787286 0.13202933985330073
0 0.2768948655256724 0.09535452322738386 0.14058679706601468 0.14669926650366746
0 0.5690709046454768 0.28484107579462103 0.11858190709046447 0.10268948655256725
0 0.5195599022004891 0.35635696821515894 0.1442542787286063 0.13325183374083133
0 0.4474327628361858 0.49633251833740827 0.12224938875305626 0.1002444987775062
0 0.41992665036674814 0.5898533007334963 0.13080684596577016 0.11369193154034228
0 0.4101466992665037 0.7616136919315403 0.12836185819070906 0.09779951100244504
0 0.3832518337408313 0.9327628361858191 0.14303178484107576 0.11246943765281188
0 0.5036674816625917 0.9229828850855745 0.1369193154034229 0.10268948655256721
0 0.5116136919315403 0.8337408312958433 0.13814180929095354 0.1173594132029336
0 0.6234718826405868 0.19987775061124693 0.1295843520782396 0.14303178484107576
0 0.6625916870415648 0.1234718826405868 0.11491442542787297 0.11491442542787285
0 0.7273838630806847 0.09474327628361859 0.12713936430317843 0.16503667481662593
0 0.7817848410757948 0.690709046454768 0.14303178484107573 0.13447432762836187
0 0.9529339853300733 0.3789731051344743 0.09413202933985332 0.14425427872860636
0 0.1943765281173594 0.2720048899755501 0.1295843520782396 0.10880195599022002
0 0.055623471882640586 0.25488997555012227 0.11124694376528117 0.13080684596577016
0 0.4138141809290954 0.6876528117359412 0.14303178484107584 0.10635696821515872
0 0.537897310513447 0.5666259168704156 0.13202933985330056 0.12102689486552548
0 0.6454767726161367 0.42298288508557463 0.14180929095354514 0.11980440097799533
0 0.8172371638141808 0.3172371638141809 0.1454767726161368 0.13569682151589224
0 0.9438607885085574 0.22616136919315405 0.1102154645476773 0.13691931540342298
0 0.9394865525672372 0.1198044009779951 0.12102689486552563 0.12224938875305622
0 0.8429095354523227 0.4969437652811736 0.14058679706601468 0.1259168704156479
0 0.9486552567237163 0.7524449877750611 0.10268948655256721 0.16748166259168698
0 0.9029072432762836 0.9462102689486552 0.1334428484107579 0.10757946210268955
0 0.7298288508557457 0.906479217603912 0.14180929095354528 0.14058679706601482
0 0.5293398533007324 0.6680929095354515 0.1393643031784839 0.12347188264058533
0 0.9254278728606338 0.5904645476772615 0.14914425427872827 0.14914425427872877
0 0.934596577017115 0.5488997555012225 0.006112469437652805 0.06845965770171163
0 0.9437652811735936 0.4889975550122251 0.11246943765281033 0.13936430317848464
