0 0.14413407821229046 0.7558659217877094 0.11173184357541893 0.11061452513966465
0 0.10167597765363126 0.5826815642458099 0.13854748603351955 0.11284916201117304
0 0.13240223463687148 0.4798882681564247 0.13072625698324022 0.11508379888268186
0 0.16815642458100558 0.36815642458100556 0.1106145251396648 0.11284916201117319
0 0.05307262569832401 0.22569832402234646 0.10614525139664802 0.12290502793296106
0 0.07094972067039108 0.12290502793296074 0.12402234636871513 0.10502793296089356
0 0.2743016759776536 0.08212290502793294 0.1262569832402235 0.12402234636871506
0 0.40670391061452515 0.22625698324022347 0.13631284916201125 0.13296089385474866
0 0.20558659217877093 0.27150837988826815 0.13407821229050282 0.11843575418994408
0 0.44804469273743036 0.4044692737430169 0.12290502793296106 0.1273743016759776
0 0.6502793296089385 0.6893854748603352 0.13854748603351952 0.10726256983240219
0 0.6256983240223464 0.6016759776536312 0.11843575418994419 0.0905027932960894
0 0.6307262569832403 0.5111731843575419 0.12849162011173193 0.09050279329608933
0 0.623463687150838 0.4245810055865922 0.1094972067039106 0.11173184357541899
0 0.6329608938547486 0.323463687150838 0.1396648044692737 0.12178770949720671
0 0.7871508379888268 0.159217877094972 0.13743016759776536 0.13072625698324014
0 0.8122905027932962 0.4100558659217877 0.13407821229050285 0.12513966480446925
0 0.8430167597765363 0.5731843575418994 0.12178770949720671 0.12960893854748612
0 0.8452513966480447 0.7486033519553073 0.13296089385474857 0.1162011173184358
0 0.346927374301676 0.7039106145251397 0.12178770949720671 0.12960893854748604
0 0.2709497206703911 0.6318435754189945 0.11508379888268155 0.12178770949720671
0 0.24357541899441335 0.44916201117318416 0.11396648044692738 0.12067039106145218
0 0.07206703910614526 0.40055865921787714 0.13743016759776536 0.1217877094972068
0 0.41340782122905084 0.5139664804469275 0.12290502793296106 0.13407821229050285
0 0.37541899441340737 0.33631284916201115 0.136312849162011 0.1206703910614525
0 0.43798882681564166 0.13184357541899452 0.10949720670391053 0.11620111731843595
0 0.7067039106145252 0.08156424581005586 0.12402234636871498 0.1340782122905028
0 0.16927374301675976 0.09553072625698324 0.11731843575418996 0.11284916201117319
0 0.0966480446927374 0.045810055865921774 0.13743016759776533 0.09162011173184355
0 0.30949720670391057 0.2452513966480447 0.12737430167597766 0.1329608938547486
0 0.9340782122905028 0.19497206703910613 0.13184357541899444 0.1217877094972067
0 0.9474860335195526 0.575418994413408 0.10502793296089312 0.12513966480446934
0 0.5446927374301676 0.7581005586592178 0.1418994413407821 0.1329608938547487
0 0.7586592178770936 0.7921787709497202 0.12737430167597755 0.12067039106145135
0 0.9301675977653631 0.8100558659217877 0.11731843575419006 0.09832402234636874
0 0.30614525139664805 0.8016759776536313 0.12513966480446928 0.11284916201117312
0 0.07094972067039106 0.6726256983240222 0.13072625698324022 0.12290502793296035
0 0.21452513966480424 0.5592178770949721 0.10726256983240214 0.13296089385474838
0 0.5011173184357532 0.6117318435754189 0.15307262569832386 0.13072625698324006
0 0.7396648044692737 0.612290502793295 0.13854748603351985 0.11620111731843567
0 0.16759776536312848 0.6508379888268155 0.12067039106145248 0.1128491620111736
0 0.053631284916201116 0.7715083798882683 0.10726256983240223 0.11955307262569832
0 0.23184357541899378 0.18826815642458097 0.11955307262569816 0.09944134078212281
0 0.481564245810056 0.29664804469273764 0.12513966480446936 0.13296089385474893
0 0.9396648044692735 0.36089385474860314 0.12067039106145225 0.09832402234636868
