0 0.9547486033519546 0.5726256983240221 0.09050279329608936 0.1262569832402231
0 0.8586592178770951 0.3217877094972067 0.11731843575418983 0.13407821229050285
0 0.9217877094972067 0.1324022346368715 0.15642458100558657 0.15083798882681562
0 0.9396648044692728 0.04916201117318435 0.12067039106145229 0.0983240223463687
0 0.7625698324022346 0.05977653631284917 0.13072625698324003 0.09720670391061453
0 0.667597765363128 0.17262569832402225 0.1486033519553073 0.1329608938547484
0 0.6262569832402235 0.03296089385474861 0.15530726256983235 0.06592178770949722
0 0.4793296089385475 0.08826815642458101 0.1363128491620111 0.13631284916201117
0 0.6810055865921771 0.3988826815642457 0.1597765363128489 0.14525139664804457
0 0.7793296089385485 0.2547486033519555 0.14413407821229113 0.1318435754189948
0 0.9486033519553068 0.3139664804469276 0.1027932960893847 0.12960893854748617
0 0.8178770949720671 0.5463687150837988 0.1407821229050279 0.12513966480446925
0 0.8245810055865923 0.7329608938547486 0.13854748603351952 0.11843575418994419
0 0.9240223463687162 0.7821229050279328 0.12960893854748617 0.14748603351955294
0 0.937988826815641 0.6754189944134079 0.12402234636871493 0.13072625698324042
0 0.7251396648044692 0.7547486033519553 0.13631284916201125 0.12849162011173176
0 0.71731843575419 0.6441340782122904 0.14525139664804457 0.13072625698324025
0 0.698882681564245 0.5195530726256984 0.14189944134078208 0.13407821229050315
0 0.925139664804468 0.4061452513966482 0.11843575418994384 0.12849162011173215
0 0.3162011173184357 0.5608938547486033 0.14748603351955306 0.10055865921787706
0 0.3206703910614527 0.47988826815642455 0.14972067039106152 0.10391061452513961
0 0.41899441340782123 0.34189944134078215 0.13854748603351952 0.13854748603351957
0 0.40726256983240217 0.23854748603351958 0.12625698324022344 0.10837988826815646
0 0.30614525139664805 0.24134078212290505 0.12513966480446928 0.10726256983240226
0 0.3011173184357542 0.14916201117318437 0.13519553072625698 0.09944134078212291
0 0.29329608938547486 0.07150837988826816 0.14636871508379887 0.08491620111731844
0 0.48212290502793276 0.4586592178770947 0.09944134078212287 0.09720670391061406
0 0.5368715083798883 0.6486033519553073 0.14413407821229043 0.11284916201117305
0 0.3988826815642458 0.7703910614525139 0.1430167597765363 0.1083798882681566
0 0.30167597765363124 0.7189944134078212 0.11396648044692735 0.08826815642458101
0 0.29720670391061416 0.7999999999999992 0.13854748603351927 0.11843575418994284
0 0.6346368715083799 0.7804469273743017 0.12737430167597766 0.11061452513966487
0 0.15865921787709497 0.4927374301675978 0.12960893854748604 0.1251396648044693
0 0.07486033519553073 0.1435754189944134 0.1318435754189944 0.12178770949720671
0 0.0664804469273743 0.7860335195530727 0.1329608938547486 0.11955307262569832
0 0.17653631284916202 0.3944134078212291 0.1340782122905028 0.1251396648044693
0 0.14692737430167596 0.21396648044692712 0.15083798882681565 0.14413407821229005
0 0.1849162011173185 0.6659217877094967 0.14860335195530727 0.129608938547485
0 0.5162011173184354 0.5480446927374302 0.12737430167597746 0.11061452513966488
0 0.580446927374301 0.2832402234636866 0.1418994413407807 0.13072625698324003
0 0.5446927374301681 0.19273743016759745 0.1418994413407821 0.12849162011173132
0 0.8039106145251399 0.14301675977653588 0.1731843575418993 0.1273743016759774
0 0.11843575418994401 0.5888268156424578 0.15195530726256964 0.11620111731843483
0 0.05642458100558654 0.5005586592178766 0.11284916201117308 0.12067039106145237
0 0.40446927374301667 0.6692737430167596 0.15418994413407816 0.12290502793296061
0 0.1681564245810057 0.7698324022346351 0.13966480446927396 0.1519553072625698
