0 0.7787709497206704 0.6357541899441341 0.12960893854748604 0.1251396648044693
0 0.9055865921787712 0.5189944134078215 0.1284916201117318 0.11508379888268191
0 0.8346368715083792 0.44413407821229045 0.13407821229050265 0.124022346368715
0 0.7625698324022342 0.37150837988826824 0.12178770949720663 0.10837988826815663
0 0.6927374301675978 0.3039106145251397 0.15195530726256984 0.12737430167597766
0 0.7167597765363131 0.1983240223463686 0.1307262569832402 0.11955307262569807
0 0.8905027932960892 0.23798882681564243 0.14525139664804543 0.13184357541899466
0 0.9094972067039104 0.1351955307262569 0.1318435754189945 0.12067039106145235
0 0.936312849162011 0.05363128491620107 0.1273743016759776 0.10726256983240214
0 0.8441340782122905 0.05977653631284911 0.1418994413407822 0.11955307262569823
0 0.9368715083798881 0.4156424581005587 0.12625698324022336 0.12960893854748617
0 0.9418994413407809 0.6877094972067043 0.11620111731843587 0.1262569832402235
0 0.8860335195530726 0.8837988826815645 0.11843575418994418 0.12737430167597855
0 0.6932960893854749 0.9391061452513967 0.1217877094972068 0.12178770949720671
0 0.7145251396648041 0.8335195530726254 0.12178770949720635 0.12290502793296042
0 0.5810055865921788 0.9547486033519553 0.11620111731843571 0.0905027932960894
0 0.6027932960893855 0.8776536312849162 0.12849162011173193 0.10614525139664792
0 0.6407821229050285 0.7692737430167591 0.13072625698324064 0.1351955307262558
0 0.6754189944134077 0.676536312849162 0.1418994413407821 0.1083798882681564
0 0.6893854748603357 0.5748603351955304 0.13407821229050285 0.12625698324022278
0 0.6284916201117319 0.5 0.13966480446927376 0.13072625698324025
0 0.8458100558659223 0.7050279329608921 0.12960893854748676 0.14525139664804454
0 0.45027932960893885 0.8122905027932955 0.11843575418994423 0.11843575418994336
0 0.4776536312849162 0.7134078212290502 0.13072625698324017 0.11955307262569818
0 0.42569832402234586 0.9050279329608935 0.12067039106145241 0.1206703910614518
0 0.10726256983240223 0.758659217877095 0.13854748603351955 0.10726256983240233
0 0.10167597765363136 0.8497206703910605 0.14078212290502803 0.1173184357541884
0 0.08212290502793299 0.9441340782122905 0.12849162011173187 0.10726256983240219
0 0.5212290502793299 0.24357541899441326 0.13966480446927418 0.12737430167597738
0 0.47318435754189947 0.0782122905027933 0.1351955307262569 0.12513966480446925
0 0.5837988826815637 0.058659217877094945 0.1351955307262569 0.11731843575418989
0 0.6882681564245808 0.0452513966480447 0.1430167597765361 0.0905027932960894
0 0.4134078212290504 0.2731843575418995 0.12067039106145284 0.12625698324022347
0 0.4402234636871503 0.16424581005586586 0.12737430167597757 0.11843575418994406
0 0.3983240223463682 0.39162011173184313 0.1329608938547486 0.1262569832402225
0 0.5245810055865932 0.3592178770949718 0.13519553072625703 0.11955307262569793
0 0.5379888268156423 0.5206703910614527 0.13296089385474846 0.1385474860335199
0 0.3268156424581005 0.6318435754189945 0.13519553072625695 0.12402234636871495
0 0.3329608938547486 0.5463687150837988 0.1251396648044693 0.10726256983240212
0 0.2094972067039106 0.20167597765363127 0.09944134078212287 0.09497206703910614
0 0.18100558659217877 0.6039106145251396 0.13854748603351957 0.11955307262569818
0 0.14860335195530727 0.6804469273743016 0.14078212290502792 0.10726256983240219
0 0.7927374301675972 0.920670391061452 0.11284916201117426 0.1430167597765371
0 0.9530726256983241 0.9469273743016751 0.09385474860335209 0.10614525139664793
0 0.9217877094972051 0.7983240223463688 0.13854748603351938 0.12625698324022364
0 0.9513966480446924 0.5916201117318437 0.09720670391061419 0.12402234636871523
0 0.3703910614525142 0.7357541899441344 0.12849162011173176 0.13072625698324059
