0 0.2653631284916201 0.3497206703910615 0.13072625698324017 0.11843575418994412
0 0.2927374301675978 0.24357541899441343 0.13184357541899439 0.12513966480446928
0 0.32737430167597764 0.15363128491620112 0.12960893854748604 0.12402234636871508
0 0.2094972067039106 0.16256983240223463 0.1441340782122905 0.12849162011173187
0 0.23854748603351944 0.06871508379888265 0.12402234636871504 0.11061452513966476
0 0.13407821229050282 0.08491620111731844 0.13407821229050282 0.12067039106145253
0 0.1134078212290503 0.19050279329608938 0.12625698324022347 0.10614525139664804
0 0.15195530726256984 0.3558659217877095 0.1229050279329609 0.1329608938547486
0 0.29832402234636873 0.5150837988826815 0.11396648044692739 0.11396648044692732
0 0.40837988826815647 0.4977653631284916 0.13072625698324025 0.11731843575418992
0 0.49608938547486015 0.4765363128491622 0.11396648044692731 0.1351955307262572
0 0.6324022346368715 0.3424581005586592 0.1027932960893854 0.12178770949720676
0 0.5469273743016759 0.2731843575418994 0.11284916201117326 0.12178770949720669
0 0.5893854748603352 0.17039106145251395 0.10391061452513967 0.10167597765363126
0 0.5150837988826815 0.0983240223463687 0.12290502793296078 0.11843575418994412
0 0.6167597765363128 0.08100558659217874 0.1430167597765363 0.11284916201117316
0 0.7189944134078208 0.05027932960893857 0.11731843575418989 0.09162011173184363
0 0.7324022346368715 0.3430167597765363 0.11284916201117312 0.1072625698324023
0 0.6659217877094972 0.529608938547486 0.11396648044692739 0.13184357541899439
0 0.6033519553072625 0.7262569832402235 0.14078212290502784 0.13407821229050285
0 0.4687150837988827 0.8441340782122905 0.12178770949720671 0.11508379888268166
0 0.31229050279329607 0.7860335195530727 0.13296089385474866 0.1329608938547487
0 0.14134078212290505 0.7418994413407822 0.15754189944134078 0.14525139664804457
0 0.6402234636871508 0.9011173184357543 0.12513966480446917 0.11955307262569832
0 0.8625698324022346 0.21731843575418996 0.1363128491620111 0.1486033519553073
0 0.9463687150837989 0.18938547486033522 0.10726256983240219 0.153072625698324
0 0.8787709497206703 0.11173184357541899 0.13072625698324017 0.13184357541899444
0 0.9307262569832402 0.5592178770949721 0.1318435754189943 0.1418994413407821
0 0.9346368715083798 0.8223463687150838 0.1307262569832403 0.1452513966480447
0 0.43798882681564244 0.6804469273743017 0.12290502793296085 0.12737430167597757
0 0.3737430167597761 0.6044692737430171 0.1351955307262568 0.11173184357541936
0 0.20391061452513967 0.5435754189944134 0.12625698324022347 0.11955307262569839
0 0.16927374301675976 0.6435754189944134 0.13072625698324022 0.12290502793296085
0 0.8145251396648046 0.9379888268156423 0.12960893854748604 0.12402234636871512
0 0.8094972067039105 0.6821229050279325 0.12178770949720667 0.1597765363128485
0 0.7547486033519553 0.23016759776536314 0.14860335195530724 0.13184357541899444
0 0.5776536312849136 0.553631284916201 0.14972067039106007 0.1486033519553069
0 0.08491620111731844 0.9284916201117318 0.14301675977653633 0.1430167597765363
0 0.3519553072625699 0.9553072625698323 0.10502793296089387 0.08938547486033528
0 0.059776536312849196 0.6592178770949723 0.11061452513966487 0.12290502793296089
0 0.11955307262569827 0.4787709497206707 0.14748603351955303 0.14636871508379934
0 0.0815642458100558 0.28715083798882685 0.15418994413407808 0.14972067039106152
0 0.7027932960893847 0.43519553072625716 0.14525139664804437 0.11508379888268204
0 0.9240223463687139 0.935754189944134 0.13854748603351935 0.12849162011173149
0 0.19106145251396678 0.9094972067039103 0.12290502793296106 0.12067039106145164
0 0.4463687150837988 0.9452513966480445 0.1284916201117318 0.10949720670391029
0 0.05698324022346367 0.7731843575418991 0.11396648044692734 0.1273743016759776
