0 0.9318435754189944 0.18100558659217877 0.1363128491620111 0.1452513966480447
0 0.7949720670391061 0.15474860335195528 0.14860335195530724 0.13966480446927376
0 0.699441340782123 0.1659217877094972 0.11173184357541899 0.1441340782122905
0 0.6223463687150838 0.17765363128491618 0.10726256983240219 0.14301675977653627
0 0.5173184357541899 0.17597765363128492 0.12290502793296085 0.14413407821229052
0 0.44189944134078213 0.1793296089385475 0.11508379888268153 0.1553072625698324
0 0.3715083798882681 0.20335195530726258 0.10614525139664806 0.14525139664804468
0 0.2843575418994412 0.21284916201117313 0.11731843575418983 0.1351955307262568
0 0.20614525139664808 0.2614525139664804 0.12849162011173185 0.1206703910614525
0 0.0877094972067039 0.38324022346368714 0.11284916201117316 0.12737430167597766
0 0.3335195530726257 0.5033519553072625 0.13072625698324022 0.1217877094972068
0 0.3759776536312849 0.40502793296089384 0.12402234636871505 0.12178770949720671
0 0.36759776536312844 0.6837988826815643 0.136312849162011 0.129608938547486
0 0.25921787709497207 0.6966480446927369 0.13184357541899439 0.1262569832402222
0 0.1905027932960894 0.6217877094972067 0.13072625698324022 0.11955307262569825
0 0.1178770949720669 0.5418994413407817 0.11284916201117316 0.12737430167597785
0 0.10223463687150822 0.9301675977653641 0.1195530726256981 0.1351955307262571
0 0.12681564245810054 0.8206703910614525 0.12625698324022344 0.13072625698324017
0 0.17374301675977655 0.7245810055865921 0.11061452513966487 0.10837988826815627
0 0.04692737430167597 0.8402234636871504 0.09385474860335194 0.1273743016759776
0 0.5441340782122904 0.746927374301676 0.12960893854748598 0.13743016759776538
0 0.5743016759776536 0.8972067039106144 0.13184357541899452 0.1296089385474862
0 0.3709497206703911 0.9513966480446928 0.13184357541899439 0.09720670391061446
0 0.4044692737430168 0.8525139664804469 0.12290502793296092 0.13184357541899458
0 0.2983240223463689 0.8687150837988814 0.12290502793296118 0.12402234636871491
0 0.7759776536312857 0.8636871508379889 0.11508379888268179 0.1273743016759778
0 0.7430167597765363 0.6910614525139666 0.12067039106145244 0.11508379888268144
0 0.7681564245810055 0.593296089385475 0.135195530726257 0.12290502793296082
0 0.7938547486033488 0.27932960893854747 0.12402234636871491 0.13854748603351952
0 0.5653631284916201 0.3513966480446928 0.13184357541899439 0.13296089385474866
0 0.7050279329608936 0.5106145251396643 0.12737430167597738 0.11620111731843567
0 0.9335195530726257 0.6368715083798883 0.10614525139664806 0.1273743016759777
0 0.9273743016759758 0.358659217877095 0.1206703910614523 0.1296089385474859
0 0.5966480446927366 0.531843575418994 0.11843575418994247 0.1273743016759768
0 0.39832402234636904 0.5709497206703911 0.11284916201117319 0.12513966480446928
0 0.9614525139664805 0.8167597765363129 0.07709497206703901 0.12513966480446925
0 0.20279329608938504 0.9011173184357514 0.12178770949720635 0.11061452513966563
0 0.036312849162011204 0.5625698324022342 0.07262569832402241 0.13296089385474857
0 0.807262569832401 0.48491620111731865 0.13743016759776525 0.13184357541899486
0 0.22234636871508376 0.5195530726256985 0.11620111731843565 0.12290502793296096
0 0.746368715083799 0.9536312849162012 0.12737430167597766 0.09273743016759767
0 0.5055865921787709 0.5642458100558673 0.13072625698324025 0.1430167597765366
