0 0.13751611516974646 0.6268156424581005 0.2750322303394929 0.1094972067039106
0 0.12513966480446928 0.5290502793296089 0.25027932960893856 0.12849162011173185
0 0.11688869789428448 0.4279329608938548 0.23377739578856896 0.11620111731843571
0 0.15264288783841856 0.3346368715083799 0.3052857756768371 0.12402234636871512
0 0.5211860764933391 0.2122905027932961 0.3272883541039966 0.13407821229050276
0 0.49368285345938945 0.11284916201117316 0.38229480017189504 0.11173184357541893
0 0.5473141383755908 0.3759776536312849 0.35754189944134085 0.12178770949720669
0 0.565191233347658 0.6346368715083799 0.3712935109583155 0.14748603351955317
0 0.485431886549205 0.7899441340782123 0.33828964331757616 0.1363128491620111
0 0.4428018908465836 0.8905027932960894 0.37954447786850026 0.1251396648044694
0 0.400171895143962 0.9648044692737432 0.29978513107004706 0.07039106145251374
0 0.8341641598624838 0.9441340782122905 0.33167168027503224 0.11173184357541899
0 0.8410399656209713 0.8597765363128492 0.31792006875805756 0.12625698324022352
0 0.8245380318006008 0.7653631284916201 0.35092393639879504 0.13184357541899439
0 0.5706918779544476 0.46536312849162004 0.34929093253115573 0.13966480446927332
0 0.7989686291362267 0.5569832402234635 0.33828964331757644 0.14189944134078183
0 0.8017189514396221 0.37486033519553064 0.33278899871078643 0.13072625698323995
0 0.8465406102277605 0.4631284916201116 0.30691877954447655 0.10837988826815598
0 0.7989686291362267 0.18770949720670382 0.3327889987107862 0.11620111731843563
0 0.8327889987107855 0.07206703910614526 0.3344220025784254 0.14189944134078214
0 0.5211860764933388 0.043575418994413424 0.4262999570262139 0.08715083798882685
0 0.12101418134937686 0.71731843575419 0.24202836269875372 0.1162011173184357
0 0.803094112591319 0.2675977653631286 0.33003867640739126 0.11508379888268189
