0 0.07628128724672228 0.268176400476758 0.13587604290822408 0.1477949940405244
0 0.18474374255065557 0.234207389749702 0.12634088200238378 0.11084624553039334
0 0.09892729439809296 0.42967818831942794 0.15971394517282478 0.14660309892729445
0 0.14898688915375438 0.3414779499404051 0.15494636471990444 0.12276519666269341
0 0.34028605482717517 0.29678188319427884 0.13468414779499396 0.13825983313468407
0 0.2753277711561382 0.22050059594755647 0.10011918951132306 0.09773539928486288
0 0.19785458879618595 0.1471990464839094 0.16448152562574495 0.1275327771156139
0 0.12336114421930869 0.07508939213349226 0.15852205005959477 0.11680572109654351
0 0.402264600715137 0.10071513706793798 0.13945172824791402 0.13230035756853392
0 0.5083432657926104 0.07866507747318235 0.13468414779499405 0.11203814064362337
0 0.48092967818831894 0.17759237187127538 0.13945172824791421 0.12395709177592387
0 0.6603098927294399 0.24016686531585218 0.14064362336114422 0.1275327771156138
0 0.6239570917759238 0.06555423122765197 0.13468414779499405 0.1263408820023838
0 0.7932061978545889 0.1132300357568534 0.12991656734207382 0.11680572109654351
0 0.4463647199046486 0.27353992848629344 0.12038140643623363 0.10131108462455353
0 0.4159713945172818 0.37187127532777103 0.1454112038140642 0.11918951132300354
0 0.284862932061979 0.48331346841477957 0.126340882002384 0.1442193087008344
0 0.12634088200238378 0.6257449344457688 0.13825983313468412 0.12872467222884396
0 0.31942789034564956 0.6597139451728249 0.11203814064362326 0.13706793802145406
0 0.2502979737783075 0.8641239570917759 0.166865315852205 0.16686531585220507
0 0.4839094159713943 0.4636471990464839 0.14064362336114425 0.13110846245530386
0 0.6019070321811681 0.43265792610250303 0.1239570917759238 0.11203814064362341
0 0.6978545887961859 0.41477949940405245 0.12276519666269366 0.12872467222884382
0 0.831942789034565 0.5530393325387366 0.12157330154946379 0.13587604290822397
0 0.8110846245530393 0.6603098927294399 0.13706793802145412 0.14064362336114422
0 0.864719904648391 0.46007151370679383 0.14183551847437428 0.1263408820023838
0 0.897497020262217 0.36531585220500595 0.14779499404052443 0.12038140643623364
0 0.9213349225268176 0.265792610250298 0.13825983313468412 0.12872467222884384
0 0.9481525625744933 0.15256257449344457 0.10369487485101317 0.11442193087008345
0 0.9624553039332538 0.051251489868891525 0.07508939213349236 0.09296781883194277
0 0.6746126340882002 0.7908224076281287 0.13349225268176404 0.12991656734207396
0 0.5679380214541121 0.8057210965435041 0.1418355184743742 0.1358760429082241
0 0.42789034564958284 0.6561382598331346 0.11442193087008348 0.13945172824791413
0 0.44159713945172824 0.9237187127532778 0.15852205005959477 0.14779499404052443
0 0.7140382896305124 0.9404052443384981 0.14559743742550652 0.11918951132300365
0 0.8236926400476758 0.930870083432658 0.13807359952324205 0.13825983313468412
0 0.9278903456495828 0.9112038140643623 0.12276519666269366 0.12991656734207396
0 0.6448152562574494 0.6138259833134684 0.15256257449344454 0.14302741358760435
0 0.5274135876042908 0.6203814064362336 0.16090584028605476 0.1537544696066746
0 0.08283671036948748 0.7967818831942789 0.12514898688915374 0.12991656734207396
0 0.06376638855780685 0.9106078665077478 0.1251489868891536 0.1334922526817649
0 0.11501787842669846 0.7127532777115614 0.13945172824791421 0.12157330154946351
0 0.17878426698450514 0.5238379022646006 0.15494636471990442 0.1251489868891532
0 0.8825983313468412 0.7395709177592389 0.14421930870083427 0.15375446960667485
