0 0.07486033519553073 0.08994413407821228 0.1452513966480447 0.13296089385474857
0 0.2782122905027932 0.05083798882681565 0.12960893854748598 0.1016759776536313
0 0.24972067039106124 0.13128491620111732 0.13966480446927365 0.12849162011173182
0 0.5201117318435755 0.15083798882681562 0.13519553072625698 0.12960893854748604
0 0.5603351955307259 0.0581005586592179 0.153072625698324 0.1162011173184358
0 0.7748603351955308 0.5614525139664807 0.12849162011173162 0.11508379888268179
0 0.7106145251396648 0.4815642458100558 0.1363128491620111 0.11843575418994412
0 0.5396648044692738 0.6921787709497207 0.12960893854748604 0.12849162011173176
0 0.12569832402234637 0.5368715083798883 0.1553072625698324 0.15754189944134075
0 0.23072625698324029 0.5100558659217875 0.13296089385474866 0.14636871508379876
0 0.09385474860335195 0.3536312849162011 0.13631284916201117 0.12849162011173187
0 0.12402234636871508 0.2569832402234637 0.12737430167597766 0.12290502793296089
0 0.28435754189944135 0.3111731843575419 0.14636871508379887 0.1418994413407821
0 0.8318435754189945 0.35530726256983236 0.12849162011173204 0.1296089385474861
0 0.7027932960893853 0.2011173184357542 0.14301675977653638 0.14748603351955306
0 0.6664804469273743 0.04748603351955307 0.13519553072625687 0.09497206703910614
0 0.47597765363128486 0.34916201117318435 0.12513966480446925 0.1374301675977654
0 0.14022346368715083 0.8100558659217876 0.13519553072625698 0.12737430167597766
0 0.0675977653631285 0.7262569832402235 0.11731843575418996 0.1094972067039106
0 0.3324022346368715 0.7614525139664804 0.12849162011173187 0.13296089385474844
0 0.27709497206703926 0.9340782122905018 0.12513966480446947 0.12513966480446884
0 0.5893854748603351 0.8715083798882682 0.13519553072625703 0.1474860335195531
0 0.7636871508379889 0.9189944134078212 0.13743016759776525 0.14413407821229057
0 0.5737430167597765 0.6 0.13519553072625703 0.11843575418994419
0 0.7139664804469263 0.7553072625698324 0.13854748603351943 0.15195530726256998
0 0.8530726256983234 0.6418994413407816 0.1374301675977654 0.1262569832402226
0 0.8078212290502776 0.470391061452514 0.1340782122905025 0.10949720670391085
0 0.6391061452513966 0.411731843575419 0.12737430167597757 0.11731843575418992
0 0.6 0.23240223463687135 0.14748603351955303 0.14301675977653594
0 0.38882681564245813 0.5519553072625698 0.13854748603351957 0.12513966480446925
0 0.8877094972067039 0.8050279329608938 0.13966480446927376 0.13743016759776538
0 0.9385474860335197 0.3251396648044693 0.12290502793296085 0.14301675977653633
0 0.8642458100558653 0.25754189944134076 0.14860335195530727 0.12849162011173174
0 0.8413407821229051 0.10167597765363129 0.1452513966480447 0.11173184357541899
0 0.5229050279329609 0.7949720670391062 0.1430167597765363 0.13743016759776538
0 0.17653631284916202 0.7089385474860336 0.1430167597765363 0.11731843575419006
0 0.736312849162011 0.373184357541899 0.1251396648044693 0.14301675977653533
0 0.4921787709497207 0.9011173184357543 0.12625698324022352 0.13519553072625698
0 0.9357541899441341 0.9541899441340783 0.12849162011173193 0.09162011173184353
