0 0.38100558659217876 0.43463687150837993 0.1273743016759776 0.13184357541899444
0 0.4731843575418994 0.5156424581005585 0.14636871508379878 0.12402234636871474
0 0.588268156424581 0.38826815642457974 0.14636871508379903 0.1195530726256981
0 0.6826815642458101 0.3508379888268156 0.11396648044692742 0.13184357541899452
0 0.9430167597765354 0.3972067039106147 0.11396648044692698 0.15530726256983252
0 0.9329608938547489 0.12681564245810048 0.13407821229050218 0.13743016759776527
0 0.7335195530726256 0.1698324022346369 0.16201117318435748 0.1340782122905028
0 0.6357541899441339 0.1837988826815643 0.1229050279329606 0.11508379888268169
0 0.5648044692737431 0.1005586592178771 0.1486033519553073 0.10949720670391061
0 0.6787709497206704 0.07653631284916211 0.13743016759776538 0.11955307262569852
0 0.4055865921787707 0.05865921787709491 0.14972067039106138 0.11731843575418982
0 0.4201117318435755 0.3301675977653631 0.12290502793296092 0.10614525139664806
0 0.34357541899441346 0.2636871508379888 0.135195530726257 0.12067039106145248
0 0.4536312849162013 0.2463687150837989 0.14748603351955303 0.11731843575419004
0 0.6977653631284916 0.635195530726257 0.13296089385474866 0.12178770949720671
0 0.8027932960893847 0.6044692737430164 0.12402234636871493 0.1251396648044686
0 0.9329608938547486 0.7608938547486034 0.1340782122905027 0.1452513966480447
0 0.7402234636871516 0.7949720670391044 0.13296089385474785 0.1262569832402226
0 0.5648044692737431 0.7486033519553073 0.14413407821229052 0.12737430167597766
0 0.5905027932960895 0.6625698324022347 0.13743016759776544 0.1094972067039106
0 0.46201117318435775 0.7709497206703911 0.12625698324022352 0.11620111731843567
0 0.3955307262569832 0.7044692737430168 0.14301675977653638 0.11508379888268153
0 0.4162011173184357 0.6078212290502794 0.12849162011173185 0.12067039106145269
0 0.18770949720670388 0.7558659217877094 0.14748603351955303 0.11731843575418974
0 0.21843575418994415 0.6446927374301675 0.14413407821229052 0.12513966480446925
0 0.05921787709497207 0.6184357541899441 0.11843575418994413 0.10391061452513967
0 0.07541899441340781 0.5184357541899441 0.1217877094972067 0.1094972067039106
0 0.09329608938547487 0.4150837988826816 0.11955307262569834 0.10391061452513967
0 0.2787709497206704 0.44581005586592176 0.14636871508379887 0.1430167597765363
0 0.3139664804469274 0.35251396648044697 0.13184357541899439 0.10614525139664806
0 0.6229050279329609 0.5486033519553072 0.12178770949720664 0.15865921787709503
0 0.8251396648044692 0.4994413407821229 0.11508379888268153 0.11843575418994412
0 0.09217877094972067 0.1569832402234637 0.13072625698324022 0.11508379888268154
0 0.19217877094972066 0.11564245810055866 0.12067039106145253 0.11284916201117319
0 0.36871508379888257 0.799441340782123 0.12290502793296089 0.1195530726256985
0 0.8916201117318436 0.3240223463687151 0.13184357541899444 0.11173184357541896
0 0.8754189944134073 0.05139664804469271 0.1486033519553073 0.10279329608938542
0 0.47262569832402185 0.1430167597765363 0.13184357541899447 0.14748603351955303
0 0.5027932960893856 0.04748603351955305 0.1206703910614525 0.0949720670391061
0 0.08547486033519554 0.7854748603351959 0.13966480446927373 0.1474860335195537
0 0.2335195530726257 0.2994413407821229 0.12960893854748604 0.13184357541899439
0 0.6139664804469276 0.2860335195530725 0.1463687150837989 0.13407821229050265
0 0.777094972067039 0.3290502793296089 0.13966480446927376 0.1262569832402235
0 0.853631284916198 0.41508379888268093 0.13407821229050285 0.1307262569832389
0 0.7664804469273746 0.425139664804469 0.09832402234636865 0.11061452513966427
0 0.7318435754189946 0.5245810055865917 0.12737430167597796 0.1262569832402233
0 0.8737430167597757 0.6743016759776534 0.1385474860335194 0.12849162011173124
