0 0.4539256593108812 0.751402720911951 0.1251396316924925 0.1163933133483945
0 0.35367939521312847 0.7813420413975122 0.12379404425493487 0.1143749321920626
0 0.2813540704446184 0.7053163511757305 0.12984918772392873 0.12110286937983156
0 0.47343667715540655 0.6471196945015387 0.1184116945047243 0.1244668379737105
0 0.3055746443205855 0.6084340556718721 0.13254036259903895 0.0982278829414219
0 0.5016940133440384 0.5559561456072789 0.12110286937983311 0.12379404425494038
0 0.6120321832234353 0.797152693788763 0.11975728194226655 0.13119477516148245
0 0.5698576764606782 0.6291410336492786 0.14164998955127855 0.13188102475463648
0 0.6769092490238566 0.6010552598589409 0.1115290147616384 0.11804165795939825
0 0.6178884200441574 0.5281950640840021 0.13350918555407815 0.12048389915855835
0 0.5421789428701985 0.45167150651032306 0.13188102475463834 0.1155994167602384
0 0.6353911486381374 0.40567596392614264 0.14409223075043842 0.15874567794539746
0 0.7892523441852152 0.5619794006723816 0.1408359091515581 0.10990085396219847
0 0.7078443042132162 0.7817811085967786 0.10013188916555862 0.11804165795939837
0 0.4404188929051998 0.4870840038981426 0.10908677356247849 0.10990085396219847
0 0.740308352489323 0.3895374712660148 0.13839366795239788 0.12455430115715824
0 0.6959409707045842 0.22875659232131682 0.12943878355547825 0.10745861276303853
0 0.5966231619387456 0.25032972291389655 0.11966981875883832 0.10501637156387858
0 0.8042136638673426 0.18601737133601742 0.1343232659537982 0.11804165795939836
0 0.9014962716338814 0.17746952713895753 0.11234309516135824 0.11559941676023837
0 0.8473599250525021 0.3740699436713348 0.11315717556107856 0.11478533636051842
0 0.9165567590287012 0.45669910424291366 0.14409223075043784 0.10420229116415854
0 0.9356876484221209 0.6187011037871915 0.1286247031557582 0.1367655071529581
0 0.7553688398841427 0.6752796915677308 0.13757958755267796 0.13106694435491825
0 0.28492813990199606 0.33295888348547537 0.1253683815568782 0.10583045196359855
0 0.25928460731081615 0.1571175171459579 0.13432326595379812 0.13188102475463823
0 0.3997134762625145 0.31097871269303545 0.11722757755967832 0.10745861276303816
0 0.5169410538221927 0.17828360753867747 0.13188102475463756 0.1286247031557581
0 0.1221120599579983 0.2719028535064762 0.14164998955127803 0.15141895434791788
0 0.068789793776339 0.10786565296289843 0.11152901476163836 0.1261824619565982
0 0.1864244115358774 0.0785587585729789 0.13676550715295807 0.12618246195659824
0 0.3663361798739949 0.11763461775953836 0.14816263274903796 0.14409223075043798
0 0.054543386781239246 0.5722985210031521 0.10908677356247849 0.12862470315575827
0 0.136765507152958 0.5454338678123921 0.10094596956527853 0.10583045196359794
0 0.10827269316275831 0.3704065818725947 0.1383936679523979 0.11071493436191827
0 0.5845097269989524 0.8909132264375208 0.13350918555407926 0.13188102475463806
0 0.9002751510343018 0.8188671110623027 0.11966981875883834 0.12618246195659857
0 0.8502092064515223 0.9210342012271607 0.1155994167602386 0.10420229116415847
0 0.9499340554172206 0.9047525932327608 0.10013188916555839 0.12374022075743818
0 0.5488676996424314 0.07210965435041718 0.1442193087008343 0.1132300357568534
