0 0.8938547486033527 0.7039106145251394 0.14078212290502803 0.14078212290502715
0 0.7770949720670388 0.8184357541899439 0.14413407821229013 0.07932960893854735
0 0.8759776536312859 0.8139664804469255 0.13854748603352 0.09273743016759801
0 0.8011173184357543 0.5284916201117319 0.12513966480446925 0.10726256983240219
0 0.8541899441340783 0.4664804469273743 0.11955307262569832 0.10614525139664799
0 0.8927374301675977 0.3916201117318435 0.11843575418994405 0.1106145251396648
0 0.9290502793296089 0.31340782122905025 0.12849162011173176 0.10837988826815642
0 0.9452513966480447 0.2094972067039106 0.1094972067039106 0.11284916201117316
0 0.9608938547486033 0.1262569832402235 0.07821229050279328 0.09608938547486036
0 0.8597765363128489 0.2346368715083797 0.09944134078212243 0.10726256983240208
0 0.8290502793296091 0.11396648044692739 0.12737430167597766 0.12737430167597766
0 0.8553072625698322 0.03798882681564246 0.1329608938547487 0.07374301675977654
0 0.7486033519553073 0.044134078212290505 0.12290502793296085 0.08379888268156424
0 0.6592178770949715 0.046927374301675935 0.1273743016759776 0.09385474860335187
0 0.5748603351955306 0.049720670391061456 0.13296089385474855 0.09944134078212291
0 0.46703910614525035 0.08770949720670383 0.12513966480446914 0.12402234636871493
0 0.2994413407821229 0.04581005586592175 0.1340782122905027 0.0916201117318435
0 0.19664804469273747 0.061452513966480445 0.15865921787709503 0.12290502793296089
0 0.06424581005586595 0.18603351955307265 0.1284916201117319 0.1329608938547486
0 0.2307262569832402 0.2245810055865922 0.1463687150837989 0.14078212290502795
0 0.3340782122905026 0.22067039106145248 0.12290502793296114 0.1418994413407821
0 0.49553072625698313 0.2553072625698325 0.1351955307262568 0.11508379888268155
0 0.6111731843575438 0.23631284916201095 0.13854748603351974 0.12625698324022305
0 0.5407821229050279 0.4452513966480447 0.13184357541899439 0.11061452513966487
0 0.6469273743016762 0.4173184357541897 0.1139664804469274 0.11955307262569789
0 0.5692737430167615 0.33966480446927355 0.14413407821229082 0.11173184357541847
0 0.6860335195530719 0.3145251396648042 0.13407821229050265 0.11731843575418953
0 0.32402234636871513 0.5709497206703911 0.1474860335195531 0.13407821229050285
0 0.3407821229050279 0.48547486033519555 0.11843575418994416 0.09944134078212301
0 0.36983240223463687 0.3905027932960894 0.13854748603351955 0.11284916201117319
0 0.47094972067039076 0.3614525139664804 0.12625698324022352 0.12178770949720659
0 0.47765363128491617 0.6318435754189945 0.1396648044692737 0.11731843575418999
0 0.5078212290502796 0.540782122905028 0.12849162011173185 0.1184357541899442
0 0.6871508379888267 0.653072625698324 0.11396648044692732 0.09720670391061453
0 0.616759776536313 0.7039106145251397 0.10949720670391067 0.1094972067039106
0 0.491061452513967 0.794972067039106 0.1351955307262572 0.1284916201117307
0 0.1877094972067039 0.7150837988826815 0.14525139664804468 0.12513966480446925
0 0.15139664804469263 0.5346368715083789 0.09720670391061433 0.12178770949720633
0 0.18100558659217866 0.4279329608938549 0.11173184357541893 0.1206703910614528
0 0.10502793296089384 0.6391061452513966 0.16312849162011173 0.11843575418994419
0 0.3508379888268156 0.7575418994413409 0.13407821229050285 0.12290502793296085
0 0.15754189944134075 0.8078212290502793 0.12737430167597763 0.09608938547486033
0 0.6793296089385464 0.527932960893855 0.12513966480446906 0.10391061452514098
0 0.7296089385474861 0.1312849162011172 0.10949720670391057 0.12178770949720646
0 0.6301675977653631 0.1346368715083798 0.12960893854748606 0.1262569832402233
0 0.20502793296089408 0.33966480446927383 0.14413407821229055 0.1139664804469274
0 0.06871508379888258 0.7396648044692727 0.12402234636871491 0.10726256983240039
0 0.08938547486033521 0.3536312849162011 0.12737430167597766 0.12849162011173187
