0 0.2581005586592179 0.6620111731843576 0.13631284916201117 0.12402234636871512
0 0.3005586592178771 0.553072625698324 0.12737430167597769 0.12290502793296092
0 0.11173184357541903 0.501117318435754 0.13184357541899447 0.10614525139664764
0 0.08156424581005585 0.33240223463687135 0.14748603351955303 0.12402234636871481
0 0.0553072625698324 0.16536312849162013 0.1106145251396648 0.12290502793296092
0 0.1558659217877093 0.14804469273743018 0.1307262569832401 0.13072625698324025
0 0.24972067039106144 0.3837988826815642 0.13743016759776533 0.11955307262569832
0 0.2698324022346369 0.29832402234636873 0.15307262569832406 0.13184357541899444
0 0.24972067039106147 0.12625698324022344 0.13519553072625698 0.12737430167597763
0 0.09273743016759774 0.060335195530726235 0.13854748603351952 0.12067039106145247
0 0.4106145251396648 0.16424581005586592 0.13966480446927376 0.12067039106145253
0 0.5810055865921793 0.22458100558659222 0.14301675977653638 0.1296089385474862
0 0.7513966480446927 0.2888268156424581 0.13519553072625698 0.12849162011173185
0 0.6983240223463687 0.21620111731843575 0.13407821229050293 0.11955307262569832
0 0.7150837988826817 0.10446927374301676 0.13184357541899444 0.12402234636871508
0 0.7586592178770951 0.5497206703910615 0.12290502793296085 0.12067039106145253
0 0.5687150837988827 0.6011173184357542 0.1452513966480447 0.11843575418994405
0 0.6983240223463687 0.7491620111731844 0.12737430167597757 0.11508379888268166
0 0.5122905027932961 0.7921787709497207 0.14189944134078217 0.12737430167597752
0 0.39553072625698305 0.799441340782122 0.13407821229050235 0.1195530726256981
0 0.1318435754189944 0.7854748603351956 0.13854748603351955 0.09608938547486033
0 0.15027932960893856 0.6893854748603353 0.11731843575418996 0.10279329608938553
0 0.09106145251396638 0.6067039106145249 0.14189944134078195 0.131843575418994
0 0.4608938547486027 0.06871508379888257 0.12625698324022333 0.11061452513966456
0 0.46033519553072627 0.6195530726256984 0.11173184357541899 0.12178770949720671
0 0.529050279329609 0.4094972067039106 0.12178770949720671 0.11955307262569825
0 0.6810055865921788 0.47150837988826816 0.10837988826815646 0.11173184357541899
0 0.8921787709497206 0.6888268156424582 0.13296089385474857 0.12625698324022352
0 0.23798882681564235 0.7642458100558652 0.10726256983240214 0.11396648044692577
0 0.06033519553072599 0.7067039106145248 0.12067039106145198 0.13296089385474819
0 0.040782122905027925 0.8078212290502808 0.08156424581005585 0.10279329608938807
0 0.7268156424581005 0.6508379888268156 0.14189944134078203 0.11284916201117312
0 0.8988826815642451 0.1553072625698323 0.14636871508379878 0.1407821229050277
0 0.9525139664804471 0.4966480446927375 0.09497206703910606 0.15530726256983235
0 0.42458100558659184 0.43910614525139663 0.10726256983240212 0.12067039106145253
0 0.19162011173184376 0.5782122905027922 0.1284916201117322 0.13966480446927354
0 0.0653631284916201 0.4424581005586593 0.1307262569832402 0.12960893854748617
