0 0.10835410120273047 0.05462479482121126 0.1271593584362622 0.10924958964242253
0 0.16118791914455785 0.217155946625307 0.15044205786825407 0.1316368006347222
0 0.059102237019671176 0.339837862863109 0.11820447403934235 0.12984582375533774
0 0.4128201706980063 0.33312169956541937 0.13969619659195004 0.14865108098886992
0 0.4723701519375234 0.14551687144994793 0.11909996247903436 0.11909996247903434
0 0.3980446114430885 0.06089321389905514 0.13880070815225803 0.12178642779811027
0 0.6595272358331488 0.08462365755089282 0.13880070815225815 0.14596461566979396
0 0.5592325305876461 0.10611538010350052 0.12268191623780232 0.12626386999657024
0 0.3662547718340229 0.15805370960563578 0.13253228907441414 0.12805484687595423
0 0.23596120385883865 0.04566991042429137 0.16029243070486582 0.09133982084858273
0 0.08283268067150877 0.5059509684259728 0.133427777514106 0.13074131219502994
0 0.25297548421298627 0.5619189959067222 0.16029243070486568 0.11730898559965035
0 0.11327928762103642 0.41774535711631217 0.17282926886055358 0.13880070815225806
0 0.2726762298862102 0.45938556956198956 0.12805484687595414 0.14865108098886992
0 0.5860971837784056 0.3913284481453986 0.14596461566979382 0.12895033531564618
0 0.5220697603404288 0.5874404164379439 0.14148717347133405 0.1468601041094861
0 0.6425129554790011 0.46386301176044953 0.11372703184088245 0.11462252028057435
0 0.5372930638151925 0.4840115016535193 0.13790521971256609 0.11193605496149843
0 0.38685100594693844 0.4495351967253779 0.13432326595379804 0.1325322890744141
0 0.7170256530573319 0.5310246447373488 0.137905219712566 0.10924958964242287
0 0.7389651198297855 0.42177505509492613 0.13521875439349018 0.13790521971256609
0 0.7523974464251654 0.34386756084172326 0.12805484687595425 0.11283154340119043
0 0.6892655114268803 0.26058713595036836 0.13074131219503016 0.1235774046774943
0 0.7944854030906886 0.23551345963899256 0.14238266191102586 0.12895033531564593
0 0.8992575505346507 0.2135739928665393 0.12626386999657013 0.12805484687595475
0 0.9082124349315692 0.4817727805542896 0.1316368006347219 0.11999545091872722
0 0.8455282441531318 0.6823621910452943 0.10656312432334639 0.10745861276303885
0 0.8737361300034294 0.594156579735634 0.15760596538578978 0.122681916237803
0 0.6476252989812028 0.7293753341291239 0.13880070815225806 0.12089093935841845
0 0.5495693148349302 0.7544490104404997 0.15939694226517376 0.12984582375533887
0 0.3986795127468304 0.725793380370356 0.11551800872026646 0.10298117056457855
0 0.924778971065873 0.11283154340119043 0.15044205786825388 0.13969619659195007
0 0.8262752426997548 0.11775672981949623 0.13432326595379804 0.12089093935841806
0 0.11872217829353929 0.6841531679246785 0.13356769758280804 0.1343232659537982
