0 0.15810055865921785 0.2743016759776535 0.13743016759776536 0.13519553072625673
0 0.1698324022346369 0.5575418994413407 0.1318435754189944 0.13407821229050276
0 0.10335195530726256 0.7603351955307263 0.11508379888268157 0.13296089385474857
0 0.3022346368715084 0.45195530726256977 0.135195530726257 0.13072625698324025
0 0.33240223463687113 0.3402234636871508 0.11731843575418989 0.12178770949720652
0 0.26424581005586584 0.26312849162011154 0.1329608938547484 0.1396648044692736
0 0.11899441340782121 0.11061452513966481 0.11508379888268157 0.14078212290502795
0 0.07094972067039096 0.3106145251396647 0.13966480446927354 0.12290502793296083
0 0.35586592178770937 0.6234636871508377 0.15083798882681568 0.13631284916201064
0 0.535195530726257 0.5737430167597766 0.1162011173184358 0.13743016759776544
0 0.7284916201117317 0.7837988826815642 0.1474860335195531 0.1307262569832403
0 0.7983240223463693 0.5905027932960891 0.1508379888268157 0.15977653631284872
0 0.8675977653631284 0.4094972067039106 0.17318435754189934 0.15083798882681562
0 0.8877094972067039 0.2972067039106146 0.135195530726257 0.1340782122905029
0 0.8128491620111731 0.21843575418994413 0.14189944134078203 0.11955307262569831
0 0.6452513966480447 0.18491620111731844 0.16201117318435757 0.12625698324022347
0 0.6877094972067047 0.07877094972067038 0.13966480446927393 0.13296089385474857
0 0.48044692737430167 0.12011173184357542 0.1452513966480447 0.12625698324022344
0 0.38491620111731883 0.1430167597765362 0.13519553072625703 0.12067039106145229
0 0.49106145251396655 0.388268156424581 0.1418994413407821 0.13519553072625698
0 0.5687150837988826 0.7446927374301668 0.1407821229050278 0.1463687150837988
0 0.3810055865921788 0.7893854748603352 0.14078212290502798 0.11731843575419006
0 0.6603351955307262 0.4413407821229049 0.1564245810055865 0.13184357541899433
0 0.06480446927374302 0.5782122905027933 0.11173184357541899 0.11955307262569839
0 0.09273743016759778 0.47653631284916204 0.11620111731843576 0.12625698324022352
0 0.1368715083798881 0.38659217877095 0.14636871508379876 0.12737430167597802
0 0.45921787709497075 0.22234636871508381 0.1206703910614522 0.11173184357541904
0 0.6413407821229051 0.556983240223464 0.13407821229050285 0.12402234636871551
0 0.7977653631284903 0.05586592178770945 0.12067039106145223 0.10726256983240214
0 0.845810055865921 0.7793296089385474 0.1117318435754189 0.11731843575418996
0 0.4173184357541899 0.05586592178770951 0.1351955307262569 0.11173184357541902
0 0.6888268156424587 0.3435754189944135 0.15083798882681573 0.13296089385474869
