0 0.9469273743016757 0.05642458100558657 0.1061452513966479 0.11284916201117313
0 0.8385474860335195 0.08156424581005588 0.12625698324022352 0.12960893854748604
0 0.9178770949720655 0.16256983240223458 0.11731843575418978 0.1150837988826815
0 0.9240223463687142 0.42960893854748583 0.11173184357541885 0.12178770949720633
0 0.7553072625698323 0.2860335195530726 0.13631284916201078 0.1340782122905028
0 0.517877094972067 0.7899441340782123 0.13296089385474857 0.1094972067039106
0 0.36815642458100556 0.641340782122905 0.12402234636871505 0.11396648044692739
0 0.41284916201117317 0.5379888268156425 0.12178770949720671 0.12625698324022344
0 0.6089385474860336 0.4921787709497207 0.12067039106145253 0.11731843575418999
0 0.5385474860335195 0.42290502793296086 0.12290502793296092 0.1083798882681564
0 0.5631284916201112 0.31564245810055874 0.11396648044692695 0.10837988826815652
0 0.5273743016759777 0.15139664804469274 0.11843575418994412 0.11284916201117319
0 0.49329608938547476 0.24413407821229058 0.1240223463687151 0.11955307262569842
0 0.4212290502793296 0.17318435754189945 0.11173184357541899 0.10949720670391061
0 0.4536312849162011 0.08491620111731844 0.12960893854748604 0.12290502793296092
0 0.22569832402234638 0.22402234636871504 0.13184357541899447 0.12849162011173182
0 0.19385474860335197 0.055865921787709466 0.13743016759776536 0.11173184357541893
0 0.09497206703910614 0.0631284916201117 0.12960893854748604 0.11508379888268153
0 0.09162011173184358 0.7078212290502793 0.13407821229050282 0.12625698324022339
0 0.723463687150838 0.7519553072625699 0.11508379888268166 0.11843575418994419
0 0.9 0.8033519553072626 0.12178770949720671 0.11173184357541899
0 0.9251396648044693 0.6966480446927374 0.14525139664804457 0.14636871508379898
0 0.855307262569833 0.6268156424581004 0.12849162011173282 0.12513966480446875
0 0.7793296089385474 0.5497206703910615 0.12625698324022352 0.1251396648044693
0 0.8150837988826816 0.4569832402234637 0.11731843575418992 0.12290502793296085
0 0.6519553072625698 0.6675977653631284 0.14413407821229057 0.11955307262569832
0 0.5469273743016759 0.6955307262569832 0.12625698324022352 0.11731843575419006
0 0.14413407821229052 0.8033519553072626 0.13631284916201117 0.11173184357541899
0 0.07821229050279327 0.41452513966480437 0.1050279329608938 0.13854748603351943
0 0.18212290502793313 0.3893854748603351 0.1251396648044694 0.11508379888268137
0 0.21117318435754193 0.5625698324022346 0.129608938547486 0.12402234636871498
0 0.3664804469273743 0.36815642458100556 0.1363128491620111 0.12402234636871505
0 0.3927374301675973 0.27709497206703904 0.13072625698324014 0.11843575418994398
0 0.3508379888268156 0.09776536312849161 0.12067039106145253 0.11284916201117319
0 0.5670391061452517 0.05139664804469271 0.12625698324022347 0.10279329608938542
0 0.6670391061452513 0.044134078212290484 0.12290502793296089 0.08826815642458097
0 0.7357541899441334 0.10446927374301679 0.1128491620111732 0.1083798882681565
0 0.8748603351955291 0.2614525139664803 0.13631284916201084 0.12737430167597721
0 0.7145251396648046 0.4720670391061453 0.11061452513966487 0.12625698324022352
0 0.4877094972067034 0.6256983240223465 0.1307262569832402 0.11843575418994433
0 0.35139664804469267 0.7335195530726256 0.13296089385474863 0.12625698324022328
0 0.3162011173184357 0.547486033519553 0.11173184357541896 0.12737430167597766
0 0.34078212290502796 0.46145251396648035 0.13631284916201103 0.0983240223463684
0 0.5860335195530714 0.6122905027932959 0.1217877094972064 0.1251396648044688
0 0.12290502793296092 0.23184357541899442 0.13631284916201117 0.1150837988826815
0 0.04357541899441341 0.6262569832402235 0.08715083798882682 0.11955307262569832
0 0.6256983240223469 0.7759776536312845 0.136312849162011 0.1195530726256991
0 0.946927374301674 0.3284916201117318 0.10614525139664792 0.1318435754189943
0 0.6592178770949721 0.3039106145251397 0.13854748603351957 0.13407821229050282
0 0.5977653631284915 0.21340782122905025 0.13407821229050262 0.11843575418994412
