0 0.9050279329608938 0.26648044692737427 0.12513966480446925 0.12178770949720669
0 0.929608938547486 0.16536312849162013 0.13854748603351952 0.12067039106145253
0 0.9407821229050279 0.07374301675977651 0.11843575418994418 0.14748603351955303
0 0.9346368715083798 0.43184357541899443 0.1307262569832403 0.1396648044692737
0 0.9502793296089382 0.6139664804469271 0.09944134078212283 0.11284916201117255
0 0.915083798882681 0.8189944134078211 0.12067039106145253 0.10949720670391025
0 0.941340782122905 0.7145251396648041 0.11731843575418952 0.13072625698323923
0 0.8016759776536311 0.565921787709497 0.13966480446927365 0.12625698324022322
0 0.7486033519553075 0.7670391061452513 0.13407821229050285 0.13072625698324014
0 0.7882681564245803 0.9223463687150835 0.13743016759776536 0.11955307262569743
0 0.5206703910614522 0.8877094972067034 0.15418994413407822 0.12178770949720728
0 0.4150837988826816 0.9128491620111732 0.13519553072625698 0.11396648044692739
0 0.28212290502793314 0.7541899441340777 0.12625698324022352 0.11843575418994302
0 0.246368715083799 0.8558659217877097 0.1486033519553075 0.12960893854748606
0 0.07150837988826807 0.8284916201117319 0.13407821229050262 0.14413407821229063
0 0.2167597765363128 0.6916201117318411 0.12290502793296082 0.1094972067039106
0 0.37988826815642457 0.4720670391061452 0.13631284916201117 0.1374301675977653
0 0.4011173184357542 0.3675977653631285 0.11396648044692739 0.1050279329608939
0 0.3368715083798882 0.3027932960893855 0.1486033519553073 0.11173184357541899
0 0.27150837988826815 0.22458100558659222 0.12513966480446917 0.1273743016759779
0 0.36983240223463665 0.20279329608938546 0.14525139664804454 0.13743016759776536
0 0.4865921787709494 0.18044692737430154 0.13966480446927365 0.12178770949720646
0 0.3988826815642459 0.09441340782122905 0.1251396648044693 0.11731843575418996
0 0.6083798882681561 0.05754189944134069 0.13966480446927365 0.11508379888268137
0 0.7033519553072626 0.05195530726256984 0.11731843575418976 0.10391061452513968
0 0.7385474860335195 0.20167597765363127 0.12067039106145244 0.11955307262569835
0 0.7726256983240225 0.10558659217877102 0.1418994413407822 0.13966480446927387
0 0.511731843575419 0.06815642458100558 0.1407821229050279 0.1340782122905028
0 0.23575418994413386 0.05027932960893856 0.13854748603351924 0.10055865921787711
0 0.19273743016759778 0.14413407821229052 0.1329608938547486 0.13407821229050276
0 0.5564245810055866 0.7949720670391062 0.11396648044692739 0.11061452513966487
0 0.5871508379888268 0.6865921787709497 0.11731843575418992 0.13296089385474866
0 0.5402234636871508 0.5100558659217878 0.12178770949720671 0.11284916201117312
0 0.5670391061452514 0.4145251396648045 0.13296089385474866 0.1407821229050279
0 0.6005586592178775 0.32011173184357555 0.1284916201117318 0.12625698324022364
0 0.4195530726256983 0.6296089385474855 0.12849162011173165 0.11955307262569806
0 0.24860335195530667 0.5871508379888265 0.12178770949720635 0.12849162011173113
0 0.20782122905027933 0.424022346368715 0.13184357541899436 0.11284916201117304
0 0.1346368715083798 0.35027932960893865 0.13072625698324009 0.12402234636871548
0 0.06815642458100561 0.5525139664804462 0.12960893854748604 0.13296089385474708
0 0.05139664804469271 0.6547486033519552 0.10279329608938542 0.14301675977653636
0 0.05307262569832401 0.9335195530726251 0.10614525139664802 0.1329608938547477
0 0.490502793296086 0.7156424581005579 0.12067039106145208 0.1262569832402221
0 0.7050279329608938 0.5793296089385475 0.1162011173184358 0.12849162011173193
0 0.7418994413407822 0.48156424581005586 0.10502793296089394 0.10726256983240233
0 0.7653631284916201 0.38659217877094976 0.1094972067039106 0.11620111731843571
0 0.6810055865921788 0.9368715083798882 0.11061452513966472 0.10614525139664806
0 0.6340782122904995 0.8776536312849155 0.11955307262569778 0.12178770949720531
0 0.8927374301675965 0.9100558659217876 0.12513966480446925 0.11731843575418952
0 0.7089385474860311 0.2983240223463687 0.1284916201117314 0.09162011173184345
0 0.6368715083798883 0.23184357541899436 0.15418994413407824 0.11284916201117316
0 0.4452513966480441 0.5513966480446919 0.12402234636871508 0.12849162011173026
0 0.659776536312851 0.7670391061452512 0.10837988826815587 0.115083798882681
0 0.7770949720670387 0.6698324022346371 0.11731843575419008 0.1128491620111736
0 0.8720670391061437 0.36145251396647965 0.11284916201117116 0.11284916201117338
0 0.9106145251396639 0.5396648044692739 0.12960893854748573 0.1162011173184362
