0 0.21036948748510134 0.1960667461263409 0.12753277711561384 0.1299165673420739
0 0.2765196662693683 0.26579261025029793 0.12872467222884387 0.14064362336114425
0 0.37544696066746125 0.2395709177592372 0.11680572109654352 0.11918951132300357
0 0.4106078665077473 0.15852205005959477 0.1275327771156139 0.1168057210965435
0 0.22407628128724674 0.08760429082240762 0.12157330154946361 0.12276519666269367
0 0.333134684147795 0.07449344457687723 0.1275327771156138 0.12038140643623362
0 0.4427890345649583 0.0625744934445769 0.14660309892729467 0.1251489868891538
0 0.5512514898688916 0.03873659117997615 0.12514898688915363 0.0774731823599523
0 0.12455303933253874 0.12574493444576876 0.1275327771156138 0.10607866507747317
0 0.056019070321811686 0.05899880810488679 0.11203814064362337 0.11799761620977357
0 0.09296781883194277 0.23837902264600713 0.1168057210965435 0.12395709177592373
0 0.41477949940405223 0.42252681764004746 0.11442193087008352 0.141835518474374
0 0.5196662693682955 0.4022646007151371 0.12157330154946365 0.13230035756853398
0 0.6233611442193085 0.37961859356376626 0.11680572109654347 0.1323003575685339
0 0.5512514898688916 0.299761620977354 0.12038140643623357 0.10131108462455309
0 0.45530393325387414 0.3104886769964243 0.15017878426698553 0.12276519666269364
0 0.5816448152562574 0.20977353992848627 0.12395709177592373 0.11442193087008345
0 0.7187127532777116 0.36471990464839094 0.13349225268176382 0.13110846245530397
0 0.6489868891537545 0.2735399284862932 0.1275327771156139 0.12514898688915374
0 0.5148986889153747 0.13051251489868884 0.14302741358760432 0.13468414779499385
0 0.566150178784267 0.5709177592371871 0.15971394517282478 0.14541120381406444
0 0.38915375446960665 0.5262216924910608 0.14421930870083433 0.12991656734207388
0 0.31048867699642435 0.43027413587604285 0.12038140643623357 0.12872467222884387
0 0.2836710369487485 0.5405244338498212 0.1430274135876043 0.13468414779499396
0 0.054827175208581644 0.4356376638855782 0.10965435041716329 0.14660309892729442
0 0.21513706793802143 0.7395709177592371 0.12514898688915377 0.1251489868891538
0 0.25208581644815226 0.6436233611442194 0.13706793802145403 0.1144219308700838
0 0.19427890345649587 0.564958283671037 0.11680572109654352 0.11442193087008334
0 0.4368295589988081 0.703218116805721 0.14183551847437437 0.1525625744934446
0 0.5929678188319434 0.7491060786650775 0.12276519666269384 0.11799761620977325
0 0.7270560190703219 0.6311084624553039 0.1454112038140643 0.15613825983313467
0 0.7467222884386174 0.5351609058402861 0.11799761620977364 0.1168057210965435
0 0.5375446960667458 0.6734207389749695 0.10250297973778294 0.10727056019070194
0 0.3700834326579261 0.901072705601907 0.13945172824791416 0.11918951132300365
0 0.5309892729439809 0.9284862932061978 0.12514898688915374 0.11680572109654364
0 0.6430274135876028 0.9296781883194274 0.12991656734207363 0.11680572109654226
0 0.8076020560190703 0.9606674612634089 0.12771901072705616 0.07866507747318238
0 0.9196401966626938 0.9523241954707984 0.12771901072705596 0.09535160905840243
0 0.9427890345649582 0.867699642431466 0.11442193087008348 0.13110846245530397
0 0.8486293206197854 0.8837902264600715 0.14779499404052443 0.12991656734207396
0 0.8992848629320619 0.6841477949940404 0.1227651966626938 0.13349225268176404
0 0.9207389749702025 0.5750893921334922 0.1251489868891538 0.11799761620977342
0 0.9517282479141835 0.4862932061978546 0.096543504171633 0.1168057210965435
0 0.9642431466030988 0.38259833134684146 0.07151370679380221 0.12157330154946358
0 0.8879618593563765 0.41537544696066775 0.13587604290822392 0.12276519666269368
0 0.8396901072705601 0.24910607866507747 0.13230035756853398 0.12157330154946365
0 0.8784266984505363 0.1400476758045292 0.1168057210965435 0.12514898688915374
0 0.7127532777115613 0.07926102502979739 0.12395709177592366 0.12276519666269368
0 0.7455303933253874 0.26758045292014304 0.0893921334922527 0.12991656734207394
0 0.9082240762812873 0.0530393325387366 0.10727056019070316 0.1060786650774732
0 0.048867699642431456 0.7056019070321811 0.09773539928486291 0.15494636471990467
0 0.20798569725864127 0.4618593563766389 0.12753277711561384 0.11084624553039334
0 0.7610250297973777 0.8122765196662693 0.14421930870083444 0.1513706793802146
