0 0.9480446927374302 0.2094972067039106 0.10391061452513967 0.13966480446927373
0 0.9 0.3988826815642458 0.12178770949720671 0.1407821229050279
0 0.8374301675977653 0.6156424581005586 0.12178770949720671 0.1452513966480447
0 0.6849162011173184 0.4502793296089385 0.11173184357541914 0.11620111731843571
0 0.6513966480446928 0.28715083798882673 0.1273743016759776 0.10949720670391037
0 0.5877094972067038 0.2 0.12960893854748598 0.10726256983240223
0 0.6860335195530726 0.17374301675977652 0.1340782122905028 0.13296089385474852
0 0.8888268156424581 0.1324022346368715 0.13966480446927376 0.10837988826815641
0 0.29329608938547486 0.5491620111731843 0.13519553072625692 0.12625698324022366
0 0.4955307262569834 0.501117318435754 0.11508379888268153 0.1240223463687148
0 0.06983240223463687 0.6955307262569832 0.12625698324022344 0.11508379888268153
0 0.09776536312849156 0.5944134078212288 0.11508379888268147 0.12067039106145237
0 0.1357541899441341 0.49832402234636897 0.13296089385474866 0.11843575418994465
0 0.16927374301675976 0.38882681564245813 0.14189944134078214 0.1273743016759777
0 0.07988826815642458 0.3296089385474861 0.1463687150837989 0.11620111731843571
0 0.15642458100558657 0.13743016759776536 0.129608938547486 0.1318435754189944
0 0.5474860335195529 0.050837988826815624 0.13184357541899422 0.10167597765363125
0 0.8117318435754192 0.054748603351955284 0.14413407821229043 0.10949720670391057
0 0.07039106145251396 0.04636871508379887 0.14078212290502792 0.09273743016759774
0 0.3335195530726257 0.44692737430167595 0.13743016759776538 0.10502793296089387
0 0.4748603351955307 0.876536312849162 0.13854748603351957 0.12625698324022339
0 0.5843575418994412 0.853072625698324 0.13184357541899433 0.1374301675977653
0 0.8329608938547486 0.8787709497206703 0.13072625698324017 0.1016759776536314
0 0.8726256983240223 0.7927374301675977 0.1474860335195531 0.12178770949720687
0 0.7681564245810057 0.8094972067039106 0.14189944134078203 0.12849162011173176
0 0.28324022346368716 0.9195530726256983 0.12402234636871512 0.12067039106145244
0 0.09553072625698324 0.8715083798882682 0.12849162011173185 0.09832402234636874
0 0.20670391061452512 0.8608938547486034 0.12067039106145248 0.10167597765363126
0 0.3167597765363129 0.7284916201117317 0.10614525139664806 0.11173184357541899
0 0.36424581005586526 0.627374301675977 0.12960893854748592 0.10837988826815499
0 0.9122905027932953 0.9508379888268158 0.11284916201117323 0.09832402234636857
0 0.7273743016759778 0.6256983240223464 0.13854748603351952 0.13854748603351966
0 0.8223463687150837 0.34022346368715084 0.1564245810055867 0.12178770949720671
0 0.5284916201117319 0.39385474860335196 0.13184357541899444 0.10391061452513967
0 0.45307262569832396 0.3452513966480447 0.11955307262569832 0.1162011173184358
0 0.489385474860335 0.229608938547486 0.13184357541899466 0.1441340782122905
0 0.8569832402234635 0.22905027932960897 0.1206703910614522 0.1296089385474861
0 0.5273743016759777 0.6703910614525139 0.13854748603351957 0.1094972067039106
0 0.1860335195530726 0.6837988826815643 0.12849162011173182 0.11620111731843588
0 0.5089385474860333 0.7726256983240222 0.13743016759776533 0.1240223463687151
0 0.9351955307262568 0.5759776536312848 0.12290502793296085 0.10391061452513974
0 0.2597765363128492 0.10726256983240223 0.13296089385474863 0.12960893854748604
0 0.8044692737430168 0.9608938547486033 0.1430167597765363 0.07821229050279328
0 0.5486033519553076 0.9452513966480445 0.16089385474860315 0.10949720670391012
0 0.9463687150837977 0.4765363128491619 0.1072625698324018 0.1284916201117316
