0 0.8569682151589242 0.8337408312958436 0.12224938875305626 0.12713936430317843
0 0.7842298288508558 0.7683374083129584 0.14303178484107576 0.14547677261613687
0 0.9517114914425429 0.7114914425427873 0.09657701711491441 0.1613691931540341
0 0.8038852383863082 0.9419315403422983 0.14077781173594117 0.1161369193154033
0 0.4273571210268949 0.9400977995110025 0.16278270171149145 0.11980440097799516
0 0.1974327628361858 0.8007334963325183 0.1234718826405868 0.14180929095354528
0 0.2139364303178484 0.44437652811735945 0.1295843520782396 0.14303178484107576
0 0.3178484107579464 0.41625916870415636 0.13447432762836195 0.1210268948655255
0 0.0617359413202934 0.39364303178484106 0.12102689486552567 0.11002444987775065
0 0.07946210268948649 0.29095354523227374 0.1418092909535451 0.1173594132029338
0 0.10574572127139366 0.19132029339853304 0.13569682151589244 0.1308068459657702
0 0.0519559902200489 0.11308068459657697 0.1039119804400978 0.14792176039119798
0 0.23594132029339832 0.07640586797066015 0.13936430317848403 0.12591687041564792
0 0.28361858190709044 0.24877750611246946 0.16381418092909533 0.1308068459657701
0 0.3441320293398533 0.3135696821515892 0.1503667481662592 0.13080684596577027
0 0.44987775061124696 0.5611246943765282 0.13936430317848406 0.12469437652811742
0 0.24938875305623484 0.6185819070904643 0.14180929095354525 0.15158924205378954
0 0.058068459657701715 0.6418092909535451 0.1039119804400978 0.12469437652811749
0 0.4938875305623472 0.7567237163814181 0.11980440097799516 0.15647921760391198
0 0.8221271393643031 0.5794621026894866 0.1503667481662592 0.14180929095354522
0 0.4975550122249388 0.09596577017114914 0.13447432762836187 0.14547677261613692
0 0.8031784841075801 0.05684596577017116 0.12713936430317863 0.11369193154034232
0 0.9162591687041569 0.037897310513447434 0.14303178484107587 0.07579462102689487
0 0.43765281173594134 0.05378973105134476 0.16625916870415647 0.10757946210268952
0 0.5293398533007335 0.28850855745721277 0.12469437652811735 0.1442542787286064
0 0.47371638141809247 0.2041564792176037 0.167481662591687 0.12958435207823918
0 0.632640586797066 0.9089242053789732 0.14792176039119803 0.13325183374083124
0 0.36308068459657705 0.8753056234718828 0.1491442542787286 0.12224938875305616
0 0.5275061124694376 0.6381418092909535 0.15525672371638138 0.12224938875305619
0 0.556234718826405 0.5403422982885088 0.13202933985330062 0.12958435207823968
0 0.6876528117359413 0.4254278728606357 0.14058679706601473 0.13691931540342303
0 0.8496332518337408 0.2047677261613692 0.13202933985330076 0.1454767726161369
0 0.9449877750611247 0.1839853300733496 0.1075794621026894 0.15036674816625914
0 0.938875305623472 0.5458435207823961 0.11980440097799501 0.1259168704156479
0 0.6668704156479218 0.7982885085574571 0.13325183374083147 0.14425427872860652
0 0.06366518948655257 0.934596577017115 0.10983343520782396 0.13080684596577016
0 0.05195599022004891 0.7652811735941316 0.10391198044009782 0.14914425427872754
0 0.6344743276283614 0.26161369193154044 0.13202933985330065 0.13936430317848422
0 0.6069682151589242 0.08801955990220044 0.12102689486552563 0.14425427872860624
0 0.6864303178484107 0.6882640586797066 0.14058679706601473 0.13447432762836187
0 0.9443765281173593 0.8264058679706602 0.11124694376528123 0.12713936430317832
