0 0.42960893854748605 0.28770949720670397 0.14860335195530724 0.14860335195530727
0 0.32290502793296083 0.3139664804469274 0.13184357541899439 0.12737430167597766
0 0.3715083798882681 0.12234636871508382 0.12402234636871508 0.11955307262569834
0 0.4854748603351955 0.09664804469273744 0.1374301675977653 0.12625698324022347
0 0.2083798882681564 0.056424581005586595 0.13296089385474857 0.11284916201117319
0 0.055307262569832386 0.03128491620111729 0.11061452513966477 0.06256983240223458
0 0.1832402234636872 0.15363128491620107 0.12290502793296101 0.12402234636871495
0 0.08044692737430167 0.16815642458100558 0.11843575418994413 0.09273743016759775
0 0.1078212290502793 0.3497206703910614 0.12178770949720669 0.11843575418994395
0 0.43687150837988825 0.5553072625698324 0.1094972067039106 0.13407821229050276
0 0.4664804469273743 0.45474860335195527 0.12625698324022344 0.12290502793296099
0 0.5910614525139666 0.34022346368715084 0.13631284916201117 0.14413407821229055
0 0.6256983240223464 0.2519553072625698 0.14748603351955317 0.12178770949720671
0 0.6569832402234637 0.15307262569832403 0.1452513966480447 0.129608938547486
0 0.6994413407821228 0.050837988826815624 0.11396648044692718 0.10167597765363125
0 0.7905027932960897 0.03463687150837989 0.135195530726257 0.06927374301675979
0 0.9368715083798882 0.16815642458100558 0.12625698324022352 0.13072625698324022
0 0.8692737430167595 0.37541899441340765 0.12960893854748606 0.1296089385474858
0 0.9122905027932962 0.541340782122905 0.11061452513966472 0.11061452513966487
0 0.8821229050279329 0.652513966480447 0.13966480446927362 0.13854748603351966
0 0.711731843575419 0.6016759776536312 0.12513966480446925 0.11731843575418992
0 0.629608938547486 0.5173184357541899 0.11284916201117319 0.10726256983240226
0 0.4698324022346368 0.7357541899441344 0.14189944134078217 0.15083798882681598
0 0.6541899441340783 0.7949720670391062 0.11955307262569832 0.13072625698324017
0 0.9134078212290504 0.8094972067039106 0.13072625698324017 0.09944134078212301
0 0.2653631284916201 0.7703910614525139 0.12178770949720669 0.14636871508379884
0 0.2927374301675978 0.6815642458100558 0.11173184357541903 0.11396648044692753
0 0.2301675977653632 0.6061452513966479 0.1385474860335198 0.12849162011173126
0 0.1469273743016756 0.2564245810055865 0.11731843575418978 0.1329608938547484
0 0.18715083798882653 0.4368715083798883 0.1418994413407819 0.13184357541899447
0 0.11396648044692738 0.6229050279329607 0.1296089385474861 0.13519553072625679
0 0.16927374301675976 0.8016759776536313 0.12402234636871508 0.11284916201117312
0 0.5530726256983237 0.8078212290502771 0.1139664804469271 0.10726256983240187
0 0.754189944134078 0.771508379888268 0.12067039106145228 0.11731843575418972
0 0.6759776536312843 0.6927374301675971 0.14972067039106127 0.1363128491620101
0 0.8469273743016769 0.47653631284916204 0.14301675977653666 0.11731843575418985
0 0.9005586592178758 0.28100558659217884 0.1340782122905026 0.12178770949720688
0 0.7452513966480452 0.23072625698324017 0.1229050279329611 0.10837988826815632
0 0.7122905027932953 0.3256983240223462 0.1217877094972063 0.11284916201117282
0 0.6770949720670372 0.4318435754189942 0.13407821229050246 0.12849162011173146
0 0.5832402234636872 0.7050279329608939 0.1072625698324022 0.13407821229050282
0 0.32402234636871524 0.5826815642458095 0.12067039106145284 0.12625698324022352
0 0.09832402234636874 0.7268156424581003 0.14078212290502792 0.11061452513966412
0 0.537988826815643 0.5413407821229054 0.11508379888268144 0.12625698324022414
0 0.3670391061452514 0.48324022346368717 0.12178770949720664 0.10614525139664806
0 0.394413407821228 0.383240223463687 0.136312849162011 0.1296089385474858
0 0.5586592178770936 0.17486033519553057 0.1407821229050276 0.13296089385474838
0 0.5983240223463686 0.06312849162011153 0.16424581005586567 0.12625698324022305
0 0.8245810055865923 0.19273743016759778 0.12737430167597766 0.1240223463687151
0 0.7726256983240222 0.12402234636871498 0.13743016759776536 0.12737430167597744
