0 0.7860335195530727 0.6089385474860335 0.14413407821229043 0.13184357541899444
0 0.9391061452513967 0.646927374301676 0.12178770949720671 0.12737430167597766
0 0.9374301675977654 0.3793296089385475 0.12513966480446925 0.13966480446927373
0 0.906703910614525 0.20446927374301674 0.14860335195530724 0.14525139664804468
0 0.7050279329608928 0.24804469273743024 0.15642458100558662 0.13854748603351963
0 0.5826815642458101 0.6396648044692738 0.1530726256983241 0.13296089385474866
0 0.650279329608939 0.7318435754189937 0.1787709497206702 0.1340782122905014
0 0.8083798882681559 0.7793296089385473 0.1374301675977654 0.11731843575419006
0 0.2776536312849162 0.7050279329608939 0.13966480446927376 0.12960893854748604
0 0.31508379888268156 0.5972067039106146 0.14972067039106143 0.12402234636871505
0 0.11899441340782121 0.6519553072625698 0.14413407821229052 0.13072625698324017
0 0.14134078212290505 0.5558659217877094 0.12625698324022347 0.12402234636871505
0 0.17262569832402236 0.44134078212290506 0.12402234636871508 0.12737430167597766
0 0.2793296089385471 0.42737430167597745 0.14525139664804457 0.12849162011173135
0 0.13798882681564248 0.27932960893854747 0.14413407821229052 0.1430167597765363
0 0.09553072625698324 0.10223463687150838 0.13743016759776538 0.1329608938547486
0 0.26145251396648045 0.1553072625698324 0.1273743016759776 0.11620111731843577
0 0.4268156424581005 0.20223463687150836 0.14078212290502784 0.12960893854748604
0 0.3675977653631285 0.13854748603351955 0.14748603351955306 0.10726256983240225
0 0.4083798882681563 0.564804469273743 0.1396648044692737 0.12849162011173193
0 0.14525139664804462 0.8100558659217866 0.1385474860335194 0.0983240223463687
0 0.29608938547486036 0.32513966480446926 0.13631284916201122 0.1094972067039106
0 0.5374301675977654 0.47039106145251397 0.12960893854748598 0.15865921787709497
0 0.7418994413407822 0.43184357541899443 0.13854748603351966 0.1396648044692737
0 0.5743016759776537 0.08715083798882681 0.14078212290502803 0.12960893854748604
0 0.6770949720670391 0.08044692737430166 0.11843575418994412 0.11620111731843574
0 0.4502793296089385 0.7743016759776536 0.13631284916201117 0.1407821229050279
0 0.34972067039106114 0.7854748603351959 0.13407821229050257 0.13407821229050285
0 0.07486033519553076 0.47039106145251386 0.1296089385474861 0.13184357541899422
0 0.8659217877094973 0.04860335195530718 0.15418994413407774 0.09720670391061435
0 0.8860335195530731 0.5748603351955307 0.14078212290502795 0.13743016759776558
0 0.9195530726256973 0.7480446927374301 0.13631284916201106 0.12178770949720649
0 0.4324022346368716 0.4776536312849162 0.14078212290502798 0.12849162011173193
0 0.4675977653631286 0.37486033519553075 0.1396648044692737 0.12402234636871505
0 0.7787709497206704 0.3296089385474861 0.13631284916201133 0.11620111731843535
0 0.6156424581005581 0.5351955307262564 0.1273743016759775 0.105027932960893
0 0.33296089385474886 0.2284916201117316 0.12737430167597755 0.1106145251396643
0 0.2893854748603346 0.06089385474860325 0.12737430167597757 0.11731843575418974
