0 0.41340782122905023 0.18268156424581009 0.13407821229050276 0.13966480446927373
0 0.5223463687150836 0.06424581005586599 0.12625698324022352 0.12849162011173199
0 0.05977653631284913 0.2145251396648044 0.10614525139664797 0.1072625698324022
0 0.1111731843575419 0.15027932960893856 0.12849162011173185 0.1329608938547486
0 0.27150837988826815 0.10558659217877092 0.12513966480446925 0.12178770949720669
0 0.11731843575418996 0.43184357541899443 0.12960893854748604 0.11284916201117319
0 0.12458100558659214 0.34189944134078165 0.14189944134078206 0.11396648044692653
0 0.14525139664804473 0.5877094972067035 0.12067039106145265 0.11843575418994395
0 0.4061452513966477 0.35418994413407817 0.11284916201117308 0.13184357541899444
0 0.5424581005586578 0.2385474860335196 0.11955307262569793 0.11731843575419008
0 0.48659217877094946 0.4240223463687153 0.12178770949720656 0.10167597765363168
0 0.4536312849162011 0.5318435754189944 0.14078212290502806 0.1385474860335196
0 0.21843575418994415 0.6787709497206705 0.11284916201117319 0.1128491620111734
0 0.12067039106145222 0.6905027932960875 0.10949720670391028 0.12513966480446856
0 0.08491620111731836 0.5189944134078215 0.12737430167597757 0.11508379888268211
0 0.49329608938547403 0.6882681564245812 0.11508379888268157 0.11620111731843615
0 0.35307262569832404 0.8195530726256983 0.11396648044692735 0.09497206703910621
0 0.08603351955307267 0.7927374301675967 0.1273743016759777 0.11061452513966509
0 0.48659217877094973 0.9592178770949721 0.13072625698324025 0.08156424581005581
0 0.5296089385474858 0.8776536312849156 0.13407821229050282 0.13966480446927265
0 0.5659217877094962 0.76536312849162 0.11955307262569803 0.09832402234636878
0 0.723463687150838 0.8251396648044692 0.11284916201117312 0.11284916201117312
0 0.7519553072625698 0.722905027932961 0.11173184357541899 0.1162011173184358
0 0.7865921787709498 0.6346368715083799 0.11843575418994419 0.1094972067039106
0 0.8128491620111731 0.5391061452513967 0.11284916201117312 0.11955307262569839
0 0.7402234636871509 0.4614525139664805 0.12402234636871512 0.12290502793296092
0 0.8407821229050261 0.43631284916201113 0.11731843575418985 0.12178770949720652
0 0.6726256983240223 0.3888268156424581 0.13407821229050276 0.1094972067039106
0 0.7016759776536312 0.27932960893854747 0.13854748603351957 0.11843575418994408
0 0.7284916201117317 0.1888268156424581 0.13854748603351952 0.11843575418994413
0 0.7564245810055857 0.08994413407821224 0.13631284916201108 0.11955307262569823
0 0.9435754189944136 0.04916201117318435 0.11284916201117301 0.0983240223463687
0 0.8670391061452511 0.06759776536312845 0.10726256983240179 0.11508379888268153
0 0.8966480446927375 0.24245810055865924 0.1329608938547487 0.11843575418994416
0 0.9402234636871508 0.41508379888268143 0.11955307262569806 0.1284916201117319
0 0.946927374301676 0.6899441340782123 0.10614525139664806 0.11284916201117305
0 0.8988826815642456 0.8804469273743016 0.1240223463687151 0.13184357541899439
0 0.929608938547486 0.7810055865921788 0.12737430167597752 0.11396648044692739
0 0.9558659217877089 0.9502793296089384 0.08826815642458091 0.09944134078212237
0 0.7016759776536311 0.9346368715083803 0.15418994413407808 0.1307262569832397
0 0.3251396648044695 0.915083798882681 0.1430167597765363 0.12960893854748476
0 0.12067039106145253 0.9497206703910615 0.12513966480446925 0.10055865921787714
0 0.30502793296089387 0.3754189944134078 0.12737430167597766 0.11396648044692739
0 0.6340782122905029 0.48379888268156424 0.12625698324022352 0.1251396648044693
0 0.6770949720670391 0.6458100558659217 0.11396648044692732 0.12737430167597766
0 0.7134078212290512 0.5597765363128491 0.12178770949720757 0.12960893854748617
0 0.5865921787709489 0.6670391061452517 0.12067039106145254 0.13631284916201156
0 0.6530726256983244 0.11173184357541896 0.12402234636871558 0.11843575418994406
0 0.3463687150837989 0.5508379888268155 0.1385474860335196 0.12290502793296074
0 0.8664804469273739 0.33966480446927344 0.1329608938547486 0.11843575418994359
0 0.9167597765363107 0.5150837988826815 0.12625698324022322 0.10949720670391037
0 0.8620111731843572 0.706145251396648 0.11284916201117352 0.09832402234636865
0 0.8877094972067018 0.6122905027932961 0.1329608938547483 0.11396648044692728
0 0.4620111731843577 0.7977653631284913 0.14413407821229055 0.1385474860335189
