0 0.5245810055865922 0.6463687150837988 0.15083798882681562 0.15754189944134084
0 0.1865921787709498 0.8837988826815639 0.13854748603351968 0.1273743016759776
0 0.2905027932960894 0.6675977653631284 0.11843575418994419 0.13966480446927376
0 0.11955307262569832 0.5150837988826815 0.11173184357541899 0.12290502793296078
0 0.1441340782122904 0.41843575418994405 0.11173184357541893 0.11508379888268135
0 0.17430167597765361 0.30726256983240213 0.12290502793296089 0.12737430167597755
0 0.33798882681564174 0.3720670391061452 0.12402234636871491 0.10949720670391062
0 0.4446927374301673 0.34804469273743005 0.11843575418994398 0.11731843575418974
0 0.5670391061452514 0.22290502793296085 0.12625698324022344 0.12178770949720669
0 0.6033519553072625 0.12681564245810056 0.12513966480446925 0.11731843575418996
0 0.4262569832402233 0.07206703910614526 0.124022346368715 0.11508379888268157
0 0.5273743016759775 0.05195530726256986 0.11843575418994404 0.10391061452513972
0 0.937988826815642 0.05698324022346369 0.12402234636871486 0.11396648044692738
0 0.7184357541899438 0.7290502793296086 0.13407821229050215 0.1240223463687151
0 0.8167597765363129 0.5765363128491621 0.12290502793296085 0.1273743016759778
0 0.9564245810055866 0.7653631284916201 0.08715083798882688 0.1318435754189943
0 0.8212290502793296 0.8932960893854749 0.11396648044692739 0.11284916201117326
0 0.6016759776536312 0.8569832402234635 0.1374301675977653 0.14078212290502803
0 0.13631284916201117 0.135195530726257 0.10726256983240223 0.12513966480446928
0 0.16815642458100555 0.048603351955307315 0.1284916201117318 0.09720670391061463
0 0.08379888268156424 0.3402234636871508 0.11396648044692735 0.11731843575418985
0 0.06592178770949722 0.7156424581005587 0.10949720670391062 0.09720670391061446
0 0.09497206703910614 0.617877094972067 0.10279329608938548 0.09832402234636863
0 0.8 0.07988826815642458 0.11620111731843565 0.11284916201117319
0 0.6983240223463685 0.09608938547486016 0.10949720670391017 0.11843575418994394
0 0.07374301675977653 0.9022346368715084 0.10279329608938548 0.10837988826815632
0 0.20670391061452512 0.7960893854748603 0.12290502793296089 0.11731843575418992
0 0.2988826815642458 0.1905027932960894 0.12402234636871508 0.12849162011173187
0 0.46201117318435747 0.9039106145251397 0.09720670391061453 0.11843575418994419
0 0.9000000000000001 0.9497206703910611 0.12625698324022352 0.10055865921787625
0 0.9256983240223462 0.8631284916201117 0.11508379888268153 0.10837988826815632
0 0.9173184357541898 0.593296089385475 0.10949720670391057 0.10949720670391092
0 0.47039106145251397 0.2581005586592179 0.1094972067039106 0.10949720670391062
0 0.2463687150837989 0.11675977653631285 0.12402234636871508 0.1150837988826816
0 0.38547486033519546 0.9106145251396649 0.11843575418994412 0.13407821229050285
0 0.04860335195530725 0.44245810055865903 0.0972067039106145 0.11396648044692728
0 0.1111731843575419 0.23743016759776536 0.11508379888268157 0.11731843575418999
