0 0.42737430167597723 0.6279329608938546 0.13966480446927362 0.1251396648044691
0 0.4586592178770946 0.5391061452513966 0.12849162011173115 0.10391061452513972
0 0.6379888268156428 0.5927374301675976 0.13631284916201103 0.11731843575419047
0 0.8011173184357543 0.6374301675977654 0.1296089385474862 0.12849162011173185
0 0.7597765363128495 0.46256983240223465 0.13184357541899447 0.1229050279329609
0 0.5139664804469274 0.3329608938547486 0.1474860335195531 0.11396648044692735
0 0.5497206703910618 0.23072625698324015 0.12290502793296079 0.11061452513966463
0 0.37430167597765335 0.17597765363128487 0.1497206703910612 0.141899441340782
0 0.5078212290502796 0.060893854748603156 0.14860335195530777 0.10837988826815606
0 0.6843575418994413 0.11564245810055866 0.12849162011173185 0.11955307262569832
0 0.8972067039106144 0.07318435754189943 0.1296089385474862 0.11955307262569832
0 0.9279329608938548 0.22849162011173185 0.13296089385474844 0.13743016759776538
0 0.9491620111731843 0.423463687150838 0.10167597765363126 0.13854748603351952
0 0.9117318435754191 0.6217877094972067 0.13184357541899444 0.11284916201117319
0 0.9340782122905028 0.7905027932960894 0.12737430167597766 0.10614525139664806
0 0.8368715083798882 0.8050279329608938 0.12960893854748604 0.11061452513966472
0 0.6636871508379889 0.7726256983240224 0.13854748603351952 0.12849162011173176
0 0.5949720670391061 0.6826815642458095 0.13296089385474832 0.12290502793295988
0 0.46368715083798884 0.7966480446927374 0.13854748603351966 0.11173184357541899
0 0.2905027932960894 0.7502793296089385 0.1474860335195531 0.11955307262569832
0 0.14581005586592188 0.6145251396648045 0.1508379888268157 0.13184357541899444
0 0.2430167597765363 0.29273743016759773 0.14860335195530727 0.129608938547486
0 0.20446927374301674 0.4 0.1206703910614525 0.13184357541899444
0 0.1860335195530726 0.7810055865921788 0.11284916201117318 0.12737430167597766
0 0.07430167597765362 0.7972067039106144 0.12849162011173182 0.12402234636871512
0 0.3815642458100558 0.45865921787709496 0.12625698324022344 0.11731843575418992
0 0.41117318435754213 0.3508379888268155 0.1340782122905028 0.1318435754189941
0 0.08491620111731844 0.15027932960893856 0.1318435754189944 0.12402234636871508
0 0.1318435754189944 0.0592178770949721 0.13184357541899447 0.1184357541899442
0 0.2396648044692737 0.05139664804469271 0.13072625698324014 0.10279329608938542
0 0.2737430167597765 0.19385474860335197 0.12513966480446928 0.1128491620111732
0 0.5586592178770949 0.5078212290502794 0.12737430167597766 0.1418994413407821
0 0.6983240223463696 0.38100558659217865 0.13631284916201122 0.12737430167597744
0 0.8195530726256983 0.264804469273743 0.12849162011173176 0.11843575418994408
0 0.8608938547486034 0.17039106145251398 0.12402234636871526 0.11061452513966481
0 0.7793296089385475 0.08379888268156424 0.13743016759776538 0.11843575418994412
0 0.7184357541899442 0.28044692737430166 0.1340782122905027 0.13631284916201122
0 0.04860335195530726 0.3508379888268156 0.09720670391061452 0.14972067039106146
0 0.07039106145251398 0.5324022346368715 0.11620111731843576 0.12402234636871512
0 0.044134078212290505 0.6374301675977654 0.08826815642458101 0.11284916201117312
0 0.2553072625698324 0.5849162011173185 0.11731843575418999 0.10614525139664814
0 0.4888268156424568 0.14972067039106127 0.12402234636871493 0.12290502793296051
0 0.5893854748603351 0.4022346368715058 0.12402234636871474 0.120670391061452
0 0.9027932960893845 0.33687150837988844 0.118435754189944 0.11731843575419026
0 0.28100558659217856 0.48715083798882725 0.1486033519553073 0.1296089385474867
0 0.4955307262569821 0.7067039106145253 0.1329608938547485 0.1307262569832402
0 0.32402234636871496 0.6547486033519544 0.1340782122905027 0.1273743016759763
0 0.7564245810055858 0.19050279329608913 0.12737430167597757 0.1240223463687146
0 0.9379888268156423 0.5256983240223464 0.12402234636871512 0.1150837988826816
0 0.836312849162012 0.5368715083798881 0.1418994413407822 0.12849162011173157
0 0.8709497206703909 0.716759776536313 0.1418994413407822 0.12625698324022389
