0 0.7748603351955308 0.16815642458100558 0.1418994413407822 0.12849162011173182
0 0.7916201117318435 0.06201117318435754 0.13296089385474857 0.10391061452513967
0 0.9067039106145249 0.05474860335195535 0.13743016759776538 0.1094972067039107
0 0.9441340782122905 0.20279329608938546 0.11173184357541899 0.12849162011173185
0 0.9094972067039105 0.3067039106145251 0.14078212290502792 0.12402234636871508
0 0.7245810055865922 0.3446927374301676 0.13296089385474857 0.13519553072625703
0 0.6229050279329609 0.37877094972067044 0.11955307262569839 0.11396648044692732
0 0.5860335195530726 0.21508379888268156 0.13519553072625703 0.13519553072625695
0 0.6832402234636867 0.17094972067039102 0.09944134078212358 0.10726256983240216
0 0.6128491620111731 0.1016759776536313 0.15083798882681548 0.12513966480446928
0 0.5162011173184357 0.1206703910614525 0.13631284916201117 0.12513966480446925
0 0.594413407821229 0.4798882681564246 0.1385474860335195 0.10837988826815648
0 0.769832402234637 0.5346368715083799 0.13631284916201125 0.12849162011173193
0 0.889385474860335 0.4240223463687149 0.14525139664804465 0.1307262569832397
0 0.90391061452514 0.6966480446927363 0.14748603351955303 0.14636871508379692
0 0.7033519553072626 0.7245810055865922 0.1374301675977653 0.11061452513966472
0 0.5977653631284912 0.7525139664804438 0.14748603351955225 0.11508379888268137
0 0.4346368715083779 0.6826815642458095 0.13184357541899386 0.1385474860335188
0 0.4648044692737426 0.5865921787709499 0.14525139664804457 0.13184357541899447
0 0.26703910614525134 0.6279329608938548 0.14525139664804468 0.13184357541899439
0 0.3016759776536311 0.5335195530726257 0.1519553072625697 0.13296089385474857
0 0.09441340782122909 0.5642458100558657 0.135195530726257 0.13407821229050262
0 0.14078212290502795 0.7558659217877096 0.13631284916201117 0.1329608938547487
0 0.30949720670391057 0.8067039106145251 0.15865921787709492 0.1206703910614526
0 0.051955307262569826 0.7832402234636869 0.10391061452513965 0.15865921787709497
0 0.1614525139664804 0.3865921787709492 0.14189944134078206 0.1385474860335195
0 0.2899441340782122 0.2681564245810054 0.1620111731843573 0.1385474860335194
0 0.43798882681564216 0.411173184357542 0.1340782122905021 0.14078212290502812
0 0.32681564245810035 0.44022346368715076 0.13296089385474844 0.13184357541899433
0 0.06815642458100557 0.4173184357541901 0.13631284916201114 0.1418994413407821
0 0.08379888268156419 0.31173184357541894 0.14078212290502784 0.1117318435754189
0 0.25642458100558657 0.09050279329608939 0.153072625698324 0.12960893854748604
0 0.3553072625698324 0.07486033519553068 0.14301675977653636 0.11843575418994404
0 0.15027932960893853 0.10391061452513962 0.15754189944134078 0.1363128491620111
0 0.4793296089385478 0.23072625698323987 0.1407821229050281 0.13519553072625626
0 0.12122905027932962 0.21787709497206695 0.1418994413407821 0.118435754189944
0 0.6357541899441336 0.6508379888268155 0.14525139664804454 0.13519553072625654
0 0.876536312849162 0.7938547486033519 0.13519553072625684 0.13296089385474857
0 0.8418994413407818 0.5988826815642462 0.13296089385474877 0.12067039106145337
0 0.9463687150837978 0.5134078212290503 0.1072625698324014 0.12849162011173165
0 0.24692737430167597 0.7296089385474858 0.1407821229050279 0.1296089385474856
0 0.16480446927374284 0.6620111731843573 0.14636871508379876 0.1374301675977648
0 0.07206703910614513 0.6826815642458102 0.12178770949720652 0.1318435754189949
0 0.7089385474860344 0.46033519553072627 0.1441340782122908 0.12960893854748592
0 0.4581005586592174 0.05307262569832399 0.13184357541899439 0.10614525139664797
0 0.07877094972067038 0.05698324022346371 0.1329608938547486 0.11396648044692742
