0 0.15342298288508557 0.2114914425427873 0.13325183374083127 0.11735941320293397
0 0.18643031784841077 0.11552567237163813 0.12591687041564792 0.11613691931540343
0 0.2555012224938875 0.20171149144254275 0.12469437652811735 0.12224938875305615
0 0.26650366748166243 0.46149144254278746 0.12469437652811703 0.10391198044009785
0 0.19743276283618585 0.3924205378973105 0.1308068459657702 0.12224938875305626
0 0.1931540342298289 0.656479217603912 0.14425427872860638 0.1173594132029338
0 0.306234718826406 0.6356968215158925 0.11124694376528116 0.11002444987775056
0 0.4180929095354521 0.6051344743276286 0.12958435207823954 0.11002444987775097
0 0.1430317848410758 0.8636919315403422 0.14180929095354525 0.10880195599021984
0 0.28300733496332525 0.7377750611246937 0.1381418092909535 0.12591687041564603
0 0.05256723716381418 0.6136919315403423 0.10513447432762836 0.12713936430317843
0 0.4700488997555011 0.4009779951100244 0.13325183374083127 0.13691931540342306
0 0.5391198044009783 0.22493887530562354 0.11735941320293432 0.13202933985330081
0 0.7365525672371621 0.16014669926650377 0.12102689486552556 0.10024449877750632
0 0.843520782396088 0.15097799511002444 0.12469437652811731 0.11124694376528116
0 0.9547677261613683 0.04156479217603911 0.09046454767726181 0.08312958435207822
0 0.8704156479217596 0.0488997555012225 0.13691931540342284 0.097799511002445
0 0.7683374083129562 0.059902200488997547 0.13569682151589224 0.11980440097799509
0 0.4969437652811733 0.04767726161369197 0.13325183374083133 0.09535452322738394
0 0.2921760391198041 0.10085574572127136 0.13202933985330062 0.1112469437652811
0 0.22432762836185824 0.036674816625916845 0.1381418092909536 0.07334963325183369
0 0.11369193154034227 0.052567237163814194 0.13936430317848406 0.10513447432762839
0 0.4578239608801956 0.7738386308068459 0.13325183374083124 0.13447432762836187
0 0.6583129584352079 0.7328850855745722 0.12347188264058687 0.12347188264058687
0 0.684596577017115 0.6405867970660146 0.11491442542787275 0.11980440097799516
0 0.710880195599022 0.5372860635696821 0.12591687041564797 0.11613691931540351
0 0.652200488997555 0.45904645476772626 0.1283618581907091 0.12102689486552587
0 0.7793398533007337 0.3526894865525674 0.12591687041564795 0.11369193154034253
0 0.7053789731051349 0.2591687041564792 0.12958435207823982 0.11246943765281174
0 0.7585574572127135 0.7188264058679685 0.13325183374083058 0.12958435207823937
0 0.7817848410757946 0.6167481662591687 0.12836185819070906 0.11858190709046461
0 0.889364303178484 0.60880195599022 0.13814180929095357 0.11980440097799509
0 0.9211491442542789 0.7652811735941318 0.12836185819070906 0.13447432762836187
0 0.8717336491442543 0.9474327628361858 0.1420003056234718 0.1051344743276283
0 0.7995110024449867 0.8930317848410751 0.12713936430317818 0.14058679706601407
0 0.6913202933985327 0.9199266503667479 0.14547677261613678 0.12347188264058656
0 0.4964280256723717 0.9498777506112469 0.11510544009779956 0.10024449877750613
0 0.42237163814180945 0.8863080684596575 0.12591687041564795 0.12958435207823937
0 0.5892420537897313 0.652200488997555 0.12713936430317843 0.14058679706601476
0 0.5421760391198052 0.4920537897310514 0.12591687041564795 0.10880195599022022
0 0.3728606356968215 0.4297066014669927 0.11735941320293403 0.12347188264058673
0 0.29034229828850855 0.3746943765281173 0.11613691931540344 0.10880195599022002
0 0.230440097799511 0.558679706601467 0.13325183374083133 0.1100244498777509
0 0.16870415647921738 0.7579462102689487 0.12958435207823943 0.12469437652811706
0 0.22004889975550082 0.9327628361858192 0.13202933985330056 0.1246943765281176
0 0.38701482273838633 0.9627139364303179 0.11143795843520785 0.07457212713936429
0 0.5348410757946206 0.8612469437652814 0.13569682151589232 0.12591687041564814
0 0.12530562347188265 0.32701711491442537 0.12591687041564792 0.13814180929095352
0 0.3722493887530559 0.16014669926650352 0.13569682151589224 0.1173594132029337
0 0.5684596577017109 0.11430317848410752 0.12469437652811738 0.11858190709046443
0 0.8948655256723711 0.3361858190709048 0.12469437652811745 0.12958435207823998
0 0.8123471882640559 0.2536674816625915 0.13325183374083094 0.12591687041564759
0 0.9174816625916872 0.2298288508557456 0.14792176039119814 0.14180929095354508
0 0.8129584352078232 0.5122249388753056 0.1320293398533007 0.10757946210268919
0 0.9554744804400971 0.9480440097799513 0.08905103911980553 0.10391198044009756
