0 0.5899880810488678 0.6174016686531585 0.140643623361144 0.13110846245530408
0 0.42967818831942794 0.5536352800953516 0.12276519666269373 0.12514898688915366
0 0.3253873659117998 0.5750893921334922 0.15733015494636468 0.12038140643623332
0 0.06853396901072706 0.5399284862932062 0.13706793802145412 0.1168057210965435
0 0.05482717520858161 0.6477949940405239 0.10965435041716322 0.12514898688915274
0 0.10846245530393325 0.7234803337306317 0.15017878426698453 0.1263408820023838
0 0.05542312276519665 0.9177592371871275 0.1108462455303933 0.14779499404052426
0 0.20807881406436235 0.9582836710369488 0.14678933253873658 0.08343265792610254
0 0.24553039332538723 0.8778307508939208 0.12395709177592351 0.14183551847437406
0 0.43504171632896305 0.8271752085816447 0.12872467222884387 0.13825983313468412
0 0.5953516090584029 0.8903456495828367 0.11323003575685348 0.1263408820023838
0 0.6996424314660311 0.8718712753277711 0.1263408820023838 0.14183551847437398
0 0.8247914183551847 0.7294398092967797 0.14064362336114436 0.14779499404052424
0 0.9427890345649579 0.6275327771156135 0.11442193087008326 0.12276519666269309
0 0.8241954707985688 0.48212157330154937 0.12276519666269355 0.10131108462455284
0 0.1859356376638856 0.43146603098927294 0.1358760429082241 0.1168057210965435
0 0.04290822407628129 0.38200238379022644 0.08581644815256258 0.1442193087008343
0 0.05363528009535161 0.26758045292014304 0.10488676996424313 0.13468414779499405
0 0.35101311084624554 0.4785458879618594 0.14898688915375446 0.10607866507747317
0 0.4767580452920137 0.3605482717520857 0.1287246722288438 0.1299165673420737
0 0.656138259833135 0.41656734207389695 0.13468414779499457 0.13230035756853384
0 0.46603098927294406 0.7270560190703216 0.14064362336114425 0.12395709177592379
0 0.22109654350417163 0.5816448152562574 0.13706793802145412 0.12157330154946358
0 0.32359952324195473 0.2961859356376639 0.14421930870083433 0.13706793802145412
0 0.3533969010727056 0.20023837902264602 0.12276519666269368 0.13587604290822408
0 0.27353992848629316 0.13349225268176398 0.1537544696066746 0.15256257449344457
0 0.3140643623361145 0.044100119189511296 0.1513706793802145 0.08820023837902259
0 0.11084624553039334 0.08224076281287246 0.14541120381406436 0.1263408820023838
0 0.6466030989272944 0.1275327771156138 0.10131108462455309 0.100119189511323
0 0.7491060786650775 0.11203814064362337 0.1275327771156138 0.16209773539928488
0 0.7967818831942789 0.2973778307508939 0.12991656734207396 0.11561382598331345
0 0.9183551847437426 0.1799761620977354 0.11799761620977364 0.12872467222884387
0 0.9386174016686532 0.066746126340882 0.12276519666269366 0.10965435041716329
0 0.931466030989273 0.4475566150178784 0.12991656734207382 0.12991656734207396
0 0.6954707985697258 0.5893921334922527 0.11084624553039334 0.15613825983313462
0 0.9529201430274137 0.8927294398092969 0.09415971394517285 0.1358760429082241
0 0.6388557806912992 0.7890345649582836 0.1311084624553039 0.14064362336114414
0 0.8045292014302733 0.8557806912991657 0.12157330154946373 0.11680572109654343
0 0.5476758045292002 0.4481525625744935 0.12753277711561356 0.128724672228844
0 0.5327771156138259 0.25089392133492255 0.12872467222884382 0.12038140643623362
