0 0.17053789731051347 0.08618581907090464 0.11613691931540342 0.1332518337408313
0 0.06723716381418092 0.11613691931540344 0.13447432762836184 0.15158924205378976
0 0.2628361858190709 0.33863080684596575 0.13936430317848408 0.14669926650366746
0 0.29462102689486547 0.234718826405868 0.12469437652811735 0.13202933985330073
0 0.20415647921760394 0.5360635696821516 0.1198044009779951 0.1503667481662592
0 0.06540342298288504 0.3924205378973104 0.13080684596577008 0.14669926650366721
0 0.16748166259168698 0.37102689486552526 0.11735941320293392 0.13325183374083127
0 0.2139364303178484 0.8123471882640587 0.14425427872860636 0.15770171149144246
0 0.42359413202933976 0.7750611246943765 0.15770171149144255 0.15647921760391198
0 0.619804400977995 0.7200488997555012 0.13936430317848406 0.15158924205378965
0 0.5201711491442543 0.47921760391198037 0.1430317848410758 0.13202933985330048
0 0.8294621026894865 0.4095354523227385 0.125916870415648 0.11980440097799523
0 0.7585574572127141 0.34779951100244505 0.1430317848410759 0.11858190709046458
0 0.7787286063569681 0.24022004889975548 0.13936430317848406 0.14058679706601462
0 0.9462102689486552 0.2860635696821516 0.10757946210268955 0.1100244498777506
0 0.9486552567237163 0.5592909535452323 0.10268948655256721 0.12591687041564797
0 0.7421492970660135 0.9535452322738383 0.12488539119804393 0.0929095354523218
0 0.6290686124694376 0.9627139364303179 0.12121790953545229 0.07457212713936429
0 0.35095125305623476 0.9504889975550119 0.15422524449877745 0.09902200488997512
0 0.18276283618581893 0.9150366748166263 0.16014669926650357 0.15281173594132072
0 0.36980440097799516 0.5880195599022006 0.14303178484107584 0.14425427872860638
0 0.7616136919315396 0.6051344743276283 0.13691931540342306 0.12958435207823918
0 0.7946210268948656 0.49633251833740827 0.1809290953545232 0.14425427872860638
0 0.6503667481662592 0.3618581907090464 0.13202933985330076 0.12469437652811731
0 0.9101466992665037 0.11674816625916871 0.13080684596577016 0.13325183374083133
0 0.9352078239608796 0.04584352078239608 0.12958435207823948 0.09168704156479215
0 0.8312958435207825 0.05256723716381417 0.12958435207823982 0.10513447432762835
0 0.6858190709046454 0.2628361858190709 0.12958435207823968 0.1515892420537897
0 0.5482885085574573 0.3698044009779951 0.1625916870415648 0.13814180929095354
0 0.5048899755501225 0.21088019559902194 0.13691931540342311 0.14792176039119795
0 0.35146699266503645 0.06356968215158919 0.1699266503667481 0.12713936430317838
0 0.7756723716381402 0.8789731051344738 0.13569682151589213 0.1271393643031774
0 0.924816625916869 0.9284841075794621 0.13325183374083124 0.12591687041564803
0 0.6632029339853301 0.895476772616137 0.14058679706601482 0.1356968215158925
0 0.8918092909535449 0.753056234718826 0.15281173594132022 0.17603911980440004
0 0.06723716381418092 0.6595354523227384 0.1295843520782396 0.13814180929095357
0 0.05317848410757937 0.5030562347188265 0.10635696821515873 0.14303178484107612
0 0.09168704156479215 0.2775061124694379 0.1418092909535452 0.14180929095354525
0 0.5299511002444988 0.1069682151589242 0.14792176039119803 0.14792176039119803
0 0.7469437652811729 0.06784841075794623 0.13202933985330062 0.13569682151589246
0 0.254278728606357 0.7090464547677259 0.16870415647921774 0.15892420537897353
