0 0.6641771610919608 0.24400484027425953 0.09751849190824928 0.1087199403031158
0 0.6295844528136967 0.33098079251675216 0.12058029742709209 0.12189811488531163
0 0.7501647502407881 0.3257095226838747 0.13244065455106835 0.11794466251065451
0 0.5396434112902173 0.3616200484203601 0.12255702361442253 0.09488285699181519
0 0.5758833913912542 0.2604775585020068 0.1357351981966231 0.1324406545510683
0 0.46815181418179735 0.28716336203095205 0.13375847200928817 0.11465011886510607
0 0.5030739768246214 0.1874595334317376 0.11530902759421742 0.10213085301201914
0 0.5972979250873189 0.1775759024950897 0.1074021228449002 0.10081303555379942
0 0.7693819448115802 0.23226532701120423 0.12914611090552056 0.09949521809558336
0 0.427078860039038 0.3989692354759843 0.13375847200929283 0.11399121013599768
0 0.6145383934707834 0.44113939413901554 0.11992138869797404 0.11399121013600418
0 0.7924437503304206 0.1337584720092888 0.11728575378154886 0.12255702361442251
0 0.8721717065527098 0.4922048206450247 0.13178174582197227 0.1172857537815472
0 0.5440351594560343 0.6348585604972851 0.11728575378155007 0.09422394826270512
0 0.6217863894909865 0.7106330643449147 0.12519265853086148 0.11662684505243938
0 0.378649068449471 0.5910411300114906 0.12914611090552128 0.10278976174114085
0 0.30155674714362646 0.5228440765486423 0.1199213886979954 0.11794466251065515
0 0.23127696391754207 0.4526702968984354 0.11992138869798744 0.12387484107265152
0 0.2671874896540217 0.35053944388641084 0.10213085301201914 0.10542539665756881
0 0.2889314777146458 0.24280786667695953 0.1271693847181904 0.12848720217641132
0 0.12618102162452616 0.20557952348225603 0.11926247996887424 0.10674321411578502
0 0.1683511802875543 0.10904939466767165 0.11794466251065483 0.11926247996887404
0 0.32747763836757104 0.14331264858138174 0.1344173807384013 0.10608430538667912
0 0.17559917630776042 0.6376001989896163 0.11003775776133608 0.1199213886979841
0 0.3192412792537005 0.7776183039254628 0.12189811488531989 0.10213085301201975
0 0.4187364973492748 0.7614750400622576 0.11926247996887547 0.1370530156548374
0 0.05633669633888732 0.7749826690090055 0.11267339267777464 0.11926247996887246
0 0.17955262868242475 0.9173069544967217 0.13112283709285402 0.1271693847182016
0 0.4490462988883332 0.9242254961523773 0.13375847200928823 0.15154900769524568
0 0.5630375090243198 0.9107178672056243 0.11926247996887261 0.12189811488531407
0 0.8134078212290503 0.6620111731843576 0.11173184357541885 0.13072625698324017
0 0.8486033519553072 0.8312849162011173 0.12178770949720671 0.12067039106145244
0 0.6603351955307262 0.8843575418994414 0.12960893854748604 0.11731843575418992
0 0.7513966480446927 0.48435754189944136 0.10167597765363126 0.1150837988826816
0 0.9011173184357543 0.37039106145251394 0.13072625698324017 0.13296089385474857
0 0.9307262569832402 0.2642458100558659 0.1363128491620111 0.11955307262569828
0 0.8972067039106136 0.10279329608938542 0.12513966480446934 0.1340782122905027
0 0.5290502793296089 0.09441340782122903 0.14413407821229052 0.12625698324022344
0 0.7329608938547484 0.05195530726256984 0.14972067039106132 0.10391061452513968
0 0.9139664804469274 0.9173184357541899 0.1340782122905027 0.11396648044692739
0 0.7240223463687147 0.951955307262569 0.1474860335195531 0.09608938547485918
0 0.04748603351955307 0.48156424581005586 0.09497206703910614 0.1162011173184358
0 0.13575418994413407 0.4659217877094972 0.12402234636871508 0.1474860335195531
0 0.16424581005586592 0.3670391061452514 0.12737430167597766 0.11955307262569835
