0 0.22960893854748604 0.36536312849162017 0.11284916201117316 0.11843575418994412
0 0.25363128491620107 0.26145251396648045 0.11396648044692739 0.1318435754189944
0 0.28268156424581004 0.15977653631284913 0.12067039106145253 0.12290502793296089
0 0.11508379888268157 0.38994413407821227 0.13407821229050282 0.13854748603351957
0 0.08100558659217878 0.20837988826815634 0.135195530726257 0.1262569832402233
0 0.10782122905027933 0.10949720670391062 0.12402234636871506 0.11843575418994413
0 0.05754189944134076 0.046927374301675956 0.11508379888268153 0.09385474860335191
0 0.2094972067039106 0.0899441340782123 0.1329608938547486 0.12178770949720671
0 0.3916201117318438 0.1379888268156424 0.12402234636871512 0.12849162011173176
0 0.58268156424581 0.0877094972067039 0.13519553072625698 0.11955307262569834
0 0.746368715083799 0.13351955307262572 0.1251396648044694 0.14413407821229052
0 0.9446927374301676 0.07932960893854749 0.11061452513966487 0.14525139664804468
0 0.9 0.2748603351955307 0.15083798882681562 0.15642458100558662
0 0.929608938547486 0.45083798882681564 0.12513966480446925 0.12178770949720671
0 0.905586592178771 0.553072625698324 0.14413407821229057 0.13854748603351957
0 0.9407821229050279 0.7379888268156425 0.11843575418994419 0.14189944134078217
0 0.7094972067039106 0.6156424581005586 0.1296089385474859 0.12513966480446925
0 0.7368715083798884 0.5111731843575419 0.13072625698324017 0.13743016759776538
0 0.6938547486033522 0.34692737430167603 0.12067039106145282 0.12849162011173204
0 0.6167597765363126 0.2681564245810054 0.12067039106145287 0.11843575418994381
0 0.40279329608938547 0.41284916201117317 0.13296089385474857 0.11955307262569832
0 0.4301675977653631 0.311731843575419 0.1340782122905027 0.12067039106145244
0 0.32402234636871496 0.610614525139665 0.14078212290502784 0.13743016759776555
0 0.20726256983240224 0.7363128491620111 0.12849162011173185 0.1340782122905027
0 0.13743016759776538 0.6586592178770949 0.1564245810055866 0.13296089385474852
0 0.23128491620111738 0.9262569832402234 0.13631284916201142 0.125139664804469
0 0.4150837988826812 0.9463687150837988 0.1374301675977653 0.10726256983240172
0 0.06983240223463687 0.8564245810055866 0.12625698324022344 0.13072625698324017
0 0.623463687150838 0.9217877094972067 0.13407821229050285 0.1363128491620111
0 0.6497206703910614 0.8167597765363129 0.1418994413407821 0.15195530726256976
0 0.547486033519553 0.8385474860335197 0.14301675977653638 0.12849162011173193
0 0.5977653631284917 0.646927374301676 0.1206703910614526 0.12290502793296085
0 0.5435754189944134 0.5648044692737431 0.13072625698324017 0.11508379888268153
0 0.29608938547485997 0.4446927374301674 0.11173184357541872 0.11843575418994384
0 0.4452513966480446 0.5787709497206708 0.12625698324022333 0.13407821229050285
0 0.8134078212290503 0.8536312849162012 0.12513966480446925 0.12513966480446925
0 0.8938547486033519 0.9418994413407822 0.14748603351955297 0.1162011173184358
0 0.8385474860335197 0.7653631284916201 0.13743016759776538 0.12737430167597766
0 0.8843575418994404 0.6608938547486032 0.13296089385474846 0.12178770949720633
0 0.4748603351955307 0.7687150837988826 0.13407821229050285 0.11620111731843565
0 0.3692737430167598 0.8005586592178772 0.14413407821229052 0.1307262569832403
0 0.6670391061452514 0.44134078212290506 0.1452513966480447 0.12960893854748598
0 0.7927374301675977 0.3145251396648045 0.12178770949720687 0.12849162011173185
0 0.5201117318435755 0.276536312849162 0.11955307262569825 0.12178770949720671
0 0.31284916201117274 0.7189944134078203 0.1094972067039107 0.1106145251396641
0 0.2541899441340783 0.8217877094972068 0.12849162011173182 0.11508379888268175
0 0.776536312849162 0.9502793296089385 0.1162011173184358 0.09944134078212287
0 0.17932960893854719 0.4597765363128494 0.15530726256983224 0.12178770949720728
0 0.5849162011173179 0.3726256983240221 0.1262569832402233 0.12402234636871444
0 0.05754189944134078 0.2972067039106145 0.11508379888268155 0.11620111731843576
0 0.32122905027932935 0.06312849162011164 0.12402234636871494 0.12625698324022328
0 0.41061452513966434 0.045810055865921774 0.11508379888268153 0.09162011173184355
