0 0.0804469273743017 0.11284916201117323 0.12290502793296096 0.13407821229050287
0 0.18770949720670388 0.09832402234636861 0.13854748603351943 0.1296089385474858
0 0.29608938547486024 0.08100558659217878 0.13854748603351952 0.1240223463687151
0 0.18491620111731838 0.35810055865921775 0.14860335195530708 0.13743016759776536
0 0.07932960893854749 0.388268156424581 0.12290502793296089 0.12849162011173212
0 0.329050279329609 0.5217877094972068 0.1374301675977654 0.12290502793296092
0 0.1597765363128492 0.47094972067039104 0.1296089385474861 0.13519553072625679
0 0.09999999999999992 0.6698324022346367 0.14636871508379876 0.14413407821229035
0 0.2463687150837989 0.8229050279329608 0.1262569832402235 0.12625698324022352
0 0.41005586592178794 0.8770949720670391 0.14078212290502806 0.11620111731843599
0 0.7335195530726256 0.7139664804469273 0.13072625698324017 0.13184357541899444
0 0.9497206703910615 0.8368715083798882 0.10055865921787714 0.15865921787709492
0 0.9553072625698321 0.5675977653631287 0.0893854748603353 0.14525139664804515
0 0.7877094972067031 0.24972067039106138 0.16089385474860327 0.14413407821229043
0 0.9167597765363129 0.12737430167597766 0.13296089385474844 0.12513966480446925
0 0.9396648044692728 0.05139664804469275 0.12067039106145218 0.1027932960893855
0 0.8413407821229046 0.05810055865921788 0.13631284916201125 0.11620111731843576
0 0.5212290502793301 0.4821229050279332 0.13966480446927362 0.14413407821229093
0 0.4508379888268161 0.39385474860335196 0.14413407821229077 0.1262569832402235
0 0.5061452513966481 0.20279329608938582 0.1340782122905025 0.1351955307262573
0 0.20558659217877107 0.6513966480446928 0.13854748603351966 0.1139664804469274
0 0.36871508379888285 0.694413407821228 0.12960893854748617 0.12402234636871501
0 0.541340782122905 0.7502793296089385 0.15307262569832397 0.11508379888268153
0 0.6731843575418993 0.9067039106145249 0.13519553072625703 0.1486033519553069
0 0.37932960893854756 0.9608938547486033 0.14189944134078217 0.07821229050279332
0 0.49441340782122856 0.9458100558659217 0.12849162011173174 0.10837988826815632
0 0.07094972067039115 0.7692737430167601 0.12402234636871526 0.13519553072625756
0 0.0525139664804469 0.4966480446927374 0.1050279329608938 0.12402234636871508
0 0.05810055865921784 0.21955307262569818 0.11620111731843567 0.11061452513966452
0 0.6553072625698324 0.37597765363128416 0.14860335195530736 0.12178770949720659
0 0.8983240223463688 0.49385474860335193 0.15195530726256976 0.11396648044692746
0 0.9089385474860328 0.7430167597765366 0.1351955307262557 0.11843575418994418
0 0.47374301675977665 0.046368715083798896 0.15195530726256984 0.09273743016759779
0 0.7128491620111731 0.1698324022346369 0.12737430167597766 0.11843575418994416
0 0.6916201117318436 0.5312849162011173 0.1363128491620111 0.1396648044692737
0 0.5631284916201117 0.6547486033519553 0.1363128491620111 0.12290502793296078
0 0.3999999999999999 0.6100558659217873 0.13184357541899447 0.1050279329608933
0 0.28826815642458103 0.6223463687150838 0.11396648044692739 0.12737430167597766
0 0.21620111731843558 0.26089385474860316 0.1284916201117317 0.11284916201117288
0 0.2603351955307262 0.4541899441340781 0.12960893854748606 0.11955307262569818
0 0.743575418994413 0.06368715083798891 0.12402234636871501 0.12290502793296106
0 0.9402234636871509 0.3050279329608938 0.11955307262569832 0.16536312849162008
0 0.8648044692737425 0.5977653631284915 0.12513966480446934 0.10949720670391037
0 0.8072625698324026 0.7832402234636863 0.12849162011173199 0.12960893854748393
0 0.8424581005586592 0.9486033519553072 0.1363128491620111 0.10279329608938553
0 0.31284916201117363 0.8955307262569825 0.13854748603351974 0.1083798882681552
0 0.12458100558659231 0.569832402234637 0.1441340782122907 0.12067039106145301
0 0.30502793296089387 0.3614525139664805 0.13854748603351955 0.11731843575418996
0 0.48156424581005547 0.2921787709497208 0.14525139664804457 0.13296089385474877
0 0.5575418994413409 0.09944134078212255 0.14972067039106102 0.15195530726256914
0 0.33128491620111733 0.2581005586592179 0.1262569832402234 0.12067039106145248
0 0.33798882681564246 0.7921787709497201 0.13072625698324017 0.13184357541899303
0 0.13743016759776527 0.846368715083799 0.136312849162011 0.12402234636871533
